-55,13,26,766,-422,-765,
-54,14,27,102,26,-496,
-56,14,23,2242,-1589,-3214,
-53,18,25,5407,-10257,-9764,
-47,11,32,-1123,-22276,-15732,
-40,4,34,2295,-31920,-17273,
-12,1,57,3749,-32738,-21757,
-12,1,57,3749,-32738,-21757,
0,-2,57,-2180,-32768,-13571,
-9,0,61,-4605,1302,-19111,
11,-4,56,-2421,-2178,-12810,
4,1,56,-858,-1406,-8975,
4,-3,58,-1235,3039,-10696,
4,-5,58,-968,3331,-8237,
-1,-6,58,-49,123,672,
-2,-2,61,-193,-1320,-100,
-2,-1,59,-198,-33,-4,
-2,-1,59,-201,-21,-2,
-2,-1,59,-211,-24,-4,
-2,-1,59,-198,3,0,
-2,-1,59,-179,2,-3,
-2,-1,59,-179,-19,-1,
-31,-25,56,-428,74,2445,
1,9,58,-276,-234,11218,
0,30,59,-206,72,-5145,
0,-6,59,-278,-71,4812,
0,-6,59,-278,-71,4812,
0,-6,59,-192,-94,3161,
0,-6,59,-228,-26,1472,
0,-6,59,-228,-26,1472,
-1,-7,59,-187,-41,58,
-3,-2,59,-189,-42,-185,
-3,-2,59,-189,-42,-185,
-2,0,59,-181,-36,8,
-2,0,59,-208,-26,-8,
-2,0,59,-208,-26,-8,
-2,-1,59,-227,-24,-13,
-3,-1,59,-211,-46,-3,
-3,-1,59,-211,-46,-3,
-2,0,59,-219,-67,-6,
-1,-2,59,-205,-57,1,
-2,-1,59,-189,-44,-1,
-1,0,59,-183,-72,5,
-2,-2,59,-238,-26,1,
-1,0,59,-202,-16,-7,
-2,-2,59,-267,-40,0,
-1,-1,58,-226,-22,-1,
-3,0,59,-226,28,-5,
-3,0,59,-226,28,-5,
-3,-2,59,-234,29,-1,
-3,-2,59,-234,29,-1,
-1,-1,59,-221,-67,-8,
-2,-1,59,-216,-1,-3,
-2,-1,59,-202,-50,1,
-2,-1,59,-202,-50,1,
-2,-1,59,-170,-56,3,
-2,0,59,-150,-37,-5,
-1,-1,59,-179,-31,3,
-2,-1,59,-211,-24,-3,
-2,0,59,-240,-15,-4,
-2,0,59,-240,-15,-4,
-2,-2,59,-290,21,-8,
-1,-1,59,-221,-30,-3,
-2,-1,59,-208,-30,4,
-2,-2,59,-235,-63,4,
-2,-2,59,-235,-63,4,
-2,-2,59,-159,-51,-3,
-2,-1,59,-163,-76,-1,
-1,0,59,-163,-36,-2,
-2,0,59,-179,-47,6,
-1,-2,59,-246,-43,-2,
-3,-1,59,-184,24,-3,
-1,-1,58,-172,-26,-11,
-3,-2,59,-180,-25,3,
-3,-2,59,-180,-25,3,
-2,0,59,-169,-7,2,
-3,0,59,-214,-6,-6,
-3,-1,59,-255,12,-8,
-4,-2,59,-263,-4,-13,
-1,-1,59,-202,-48,2,
-3,-1,59,-197,-18,-4,
-2,-2,59,-185,-49,-4,
-3,-1,59,-181,-18,4,
-1,-1,59,-187,-34,-1,
-2,-1,59,-173,-29,-5,
-2,-1,59,-173,-29,-5,
-2,-1,59,-188,-19,0,
-2,-2,59,-231,-5,3,
-2,-1,59,-189,-38,-4,
-2,-1,59,-227,-6,-4,
-2,-2,59,-196,-51,7,
-1,-1,59,-177,-18,-2,
-2,-2,59,-218,-16,-7,
-2,-2,59,-218,-16,-7,
-2,-1,59,-186,-22,0,
-2,-1,59,-235,-25,-3,
-2,-1,59,-235,-25,-3,
-2,-2,59,-230,-33,-1,
-2,-1,59,-199,-35,-2,
-2,-1,59,-198,-36,-8,
-2,-1,59,-176,-30,6,
-2,-1,59,-185,-20,3,
-2,-1,59,-187,-16,2,
-2,-1,59,-187,-16,2,
-2,-1,59,-194,-23,-2,
-2,-1,59,-221,-32,0,
-2,-1,59,-216,-29,2,
-2,-1,59,-210,-22,-5,
-3,-2,59,-217,-25,-2,
-3,-2,59,-217,-25,-2,
-1,-1,59,-177,-44,-2,
-2,-1,59,-184,-27,-10,
-2,-2,59,-188,-30,-2,
-2,-1,59,-184,-29,-9,
-1,-1,59,-190,-15,-7,
-3,-1,59,-232,-26,-5,
-2,-1,59,-196,-30,-6,
-2,-1,59,-196,-30,-6,
-2,-1,59,-226,-14,-3,
-2,-2,59,-182,-45,-1,
-1,-1,59,-161,-48,-4,
-2,-1,59,-185,-28,-2,
-2,-1,59,-185,-28,-2,
-2,-1,59,-192,-20,-2,
-1,-1,59,-181,-22,-3,
-3,-1,59,-229,-13,-3,
-2,-2,59,-214,-28,-5,
-2,-2,59,-214,-28,-5,
-2,-1,59,-210,-29,0,
-2,-1,59,-210,-29,0,
-3,-2,59,-197,-21,2,
-2,-1,59,-201,-9,1,
-2,-1,59,-201,-9,1,
-2,-1,59,-194,-57,-7,
-3,-1,59,-177,-9,0,
-3,-1,59,-177,-9,0,
-2,-1,59,-212,-16,-8,
-2,-1,59,-202,-44,2,
-2,-1,59,-203,-19,-1,
-3,-2,59,-223,-13,3,
-1,-1,59,-180,-45,-8,
-2,-1,59,-175,-25,3,
-2,-1,59,-185,-18,4,
-2,-1,59,-186,-24,-4,
-2,-2,59,-229,-23,-9,
-2,-1,59,-212,-35,-3,
-2,-1,59,-218,-22,3,
-3,-2,59,-206,-27,6,
-2,-1,59,-192,-23,-4,
-2,-2,59,-186,-35,-3,
-2,-1,59,-190,-27,-1,
-1,0,59,-185,-9,-5,
-1,0,59,-185,-9,-5,
-2,-2,59,-219,-30,1,
-2,-2,59,-219,-30,1,
-2,-1,59,-200,-21,-2,
-2,-1,59,-221,-11,-5,
-3,-2,59,-200,-31,3,
-1,-1,59,-187,-31,-3,
-2,-1,59,-183,-29,-1,
-2,-1,59,-183,-29,-1,
-2,-1,59,-188,-31,-3,
-2,-1,59,-183,-9,-8,
-3,-1,59,-208,-2,-5,
-3,-1,59,-225,46,-7,
-4,-2,59,-235,-1,-9,
-1,-2,59,-260,-30,-2,
-1,-2,59,-260,-30,-2,
-1,-2,59,-248,-2,-1,
-1,-1,59,-154,-73,7,
-1,0,59,-157,-39,-1,
-2,-2,59,-203,-25,4,
-1,0,59,-158,-22,-2,
-3,-2,59,-221,-12,-10,
-2,-1,59,-202,-20,-7,
-2,-1,59,-202,-20,-7,
-2,-1,59,-230,-30,-9,
-2,-1,59,-214,-22,8,
-2,-1,59,-214,-22,8,
-2,-1,59,-200,-35,-4,
-2,-2,59,-211,-36,-1,
-2,-1,59,-192,-35,-2,
-1,-1,59,-164,-20,-8,
-2,-1,59,-203,-18,1,
-2,-1,59,-197,-21,-3,
-2,-1,59,-205,-28,-8,
-2,-1,59,-216,-35,-1,
-2,-1,59,-216,-35,-1,
-2,-2,59,-207,-30,-1,
-2,-1,59,-193,-52,-9,
-2,-1,59,-207,-29,-4,
-2,-1,59,-207,-29,-4,
-2,-2,59,-186,-29,0,
-1,-1,59,-163,-26,-1,
-2,-1,59,-211,-15,-4,
-2,-1,59,-197,-16,-4,
-2,-1,59,-197,-16,-4,
-2,-1,59,-243,-17,-4,
-2,-1,59,-228,-26,-4,
-3,-2,59,-234,-24,-5,
-1,-1,59,-180,-54,1,
-3,-2,59,-204,-20,-4,
-2,-1,59,-171,-41,-5,
-2,-1,59,-171,-41,-5,
-2,-1,59,-196,-29,4,
-1,-1,59,-198,-22,3,
-2,-1,59,-213,-30,-2,
-2,-1,59,-213,-30,-2,
-2,-1,59,-208,-25,-2,
-2,-1,59,-211,-30,-4,
-2,-1,59,-203,-39,1,
-2,-1,59,-190,-29,-1,
-2,-1,59,-190,-29,-1,
-2,-1,59,-198,-24,4,
-2,-1,59,-207,-19,-5,
-2,-1,59,-207,-19,-5,
-2,-1,59,-206,-13,1,
-2,-1,59,-218,-27,-5,
-2,-2,59,-199,-30,1,
-2,-1,59,-195,-31,-4,
-2,-1,59,-195,-31,-4,
-2,-1,59,-199,-28,2,
-2,-1,59,-197,-28,2,
-2,-1,59,-194,-31,-5,
-2,-1,59,-204,-24,-1,
-2,-1,59,-185,-28,-4,
-2,-1,59,-185,-28,-4,
-2,-1,59,-190,-30,0,
-2,-1,59,-205,-28,-5,
-2,-1,59,-205,-28,-5,
-2,-1,59,-199,-20,-2,
-2,-1,59,-205,-23,-4,
-2,-1,59,-203,-22,1,
-2,-1,59,-209,-43,5,
-2,-1,59,-209,-43,5,
-2,-1,59,-204,-27,5,
-2,-1,59,-209,-33,-3,
-2,-1,59,-192,-32,0,
-2,-1,59,-194,-33,-4,
-2,-1,59,-198,-24,1,
-2,-1,59,-199,-16,-6,
-2,-1,59,-211,-20,-2,
-2,-1,59,-211,-20,-2,
-2,-1,59,-218,-23,0,
-2,-1,59,-206,-31,-13,
-2,-1,59,-200,-35,-4,
-2,-1,59,-185,-29,0,
-2,-1,59,-196,-18,1,
-2,-2,59,-208,-41,4,
-2,-2,59,-208,-41,4,
-2,-1,59,-200,-40,-5,
-2,-1,59,-217,-28,5,
-2,-1,59,-217,-28,5,
-2,-2,59,-204,-16,0,
-2,-1,59,-198,-34,-3,
-2,-1,59,-208,-22,0,
-2,-1,59,-205,-31,-4,
-2,-1,59,-205,-27,7,
-2,-1,59,-205,-27,7,
-2,-1,59,-207,-18,-10,
-2,-1,59,-200,-24,-10,
-2,-1,59,-200,-24,-10,
-2,-1,59,-200,-24,-10,
-2,-1,59,-207,-32,-8,
-2,-1,59,-189,-23,-4,
-2,-1,59,-196,-26,4,
-2,-1,59,-195,-32,-6,
-2,-1,59,-203,-27,-7,
-2,-1,59,-202,-19,-4,
-2,-1,59,-199,-28,-5,
-2,-1,59,-199,-28,0,
-2,-1,59,-192,-19,1,
-2,-1,59,-205,-25,-3,
-2,-1,59,-211,-25,-1,
-2,-1,59,-191,-23,2,
-2,-1,59,-206,-25,-8,
-2,-1,59,-208,-22,-3,
-2,-1,59,-205,-27,0,
-2,-1,59,-195,-27,-2,
-2,-1,59,-198,-34,4,
-2,-1,59,-195,-17,3,

-2,-1,59,-195,-17,3,
-2,-1,59,-201,-22,2,
-2,-1,59,-201,-22,2,
-2,-1,59,-209,-26,0,
-2,-1,59,-201,-23,-9,
-2,-1,59,-200,-27,-6,
-2,-1,59,-192,-30,-3,
-2,-1,59,-193,-30,-6,
-2,-1,59,-193,-30,-6,
-2,-1,59,-197,-30,0,
-2,-1,59,-212,-26,-2,
-2,-1,59,-212,-26,-2,
-2,-1,59,-205,-21,-6,
-2,-1,59,-204,-28,-10,
-2,-1,59,-204,-28,-10,
-2,-1,59,-195,-23,1,
-2,-1,59,-203,-23,-1,
-2,-1,59,-203,-23,-1,
-2,-1,59,-210,-31,-5,
-2,-1,59,-187,-26,0,
-2,-1,59,-199,-26,-10,
-2,-1,59,-196,-24,-1,
-2,-1,59,-206,-31,-1,
-2,-1,59,-203,-23,2,
-2,-1,59,-203,-27,4,
-2,-1,59,-202,-14,-4,
-2,-1,59,-202,-14,-4,
-2,-1,59,-200,-32,-1,
-2,-1,59,-197,-30,4,
-2,-1,59,-200,-27,1,
-2,-1,59,-187,-34,-2,
-2,-1,59,-201,-32,4,
-2,-1,59,-175,-29,-3,
-2,-1,59,-209,-26,-2,
-2,-1,59,-215,-24,-7,
-2,-1,59,-218,-22,-7,
-2,-1,59,-221,1,-7,
-2,-1,59,-221,1,-7,
-2,-2,59,-210,-9,-8,
-2,-1,59,-198,-34,-1,
-2,-1,59,-200,-24,-2,
-2,-1,59,-191,-30,7,
-2,-1,59,-191,-30,7,
-2,-1,59,-194,-32,-6,
-2,-1,59,-210,-30,-6,
-2,-1,59,-193,-36,6,
-2,-1,59,-200,-28,-6,
-2,-1,59,-200,-28,-6,
-2,-1,59,-221,-33,7,
-2,-1,59,-195,-19,-4,
-2,-1,59,-196,-27,-7,
-2,-1,59,-201,-22,-8,
-2,-1,59,-213,-19,-2,
-2,-1,59,-196,-23,-6,
-2,-1,59,-203,-29,1,
-2,-1,59,-199,-32,-4,
-2,-1,59,-211,-23,7,
-2,-1,59,-211,-31,-3,
-1,-1,59,-193,-32,-2,
-1,-1,59,-193,-32,-2,
-2,-1,59,-221,12,-3,
-3,-2,59,-180,-82,3,
0,-1,58,-162,-47,-4,
-3,-1,59,-221,37,2,
-3,-1,59,-221,37,2,
-2,-1,59,-203,-48,-1,
-2,-1,59,-197,-50,-7,
-2,-1,59,-214,-10,2,
-2,-1,59,-214,-10,2,
-2,-1,59,-224,-16,-2,
-2,-1,59,-204,-21,-15,
-2,-1,59,-200,-21,-11,
-2,-1,59,-194,-17,3,
-2,-1,59,-194,-17,3,
-2,-1,59,-200,-33,0,
-1,-1,58,-195,-63,-6,
-1,-1,59,-203,-34,0,
-2,-1,59,-206,-31,-1,
-2,-1,59,-214,-16,-5,
-1,-1,59,-223,-12,-12,
-1,-1,59,-223,-12,-12,
-3,-2,59,-245,-10,0,
-2,-2,59,-195,-15,-9,
-2,-1,59,-210,-31,2,
-2,-1,59,-181,-19,3,
-3,-1,59,-194,-33,6,
-1,-1,58,-197,-44,4,
-2,-2,59,-219,-37,3,
-2,-2,59,-219,-37,3,
-2,-1,59,-191,-20,-4,
-2,-1,59,-226,-1,-2,
-2,-1,59,-226,-1,-2,
-3,-2,59,-224,-1,0,
-2,-2,59,-178,-27,3,
-2,-2,59,-178,-27,3,
-2,-1,59,-187,-30,-4,
-3,-2,59,-202,-33,4,
-1,-1,58,-184,-35,1,
-2,-1,59,-230,-38,-4,
-2,-2,59,-206,-43,7,
-1,-1,59,-210,-14,-6,
-1,-1,59,-210,-14,-6,
-3,-2,59,-181,-30,0,
-3,-1,59,-169,-21,-2,
-3,-1,59,-169,-21,-2,
-2,-1,59,-210,-25,-2,
0,-1,58,-187,-64,-9,
-3,-1,59,-226,-5,-8,
-2,-1,59,-208,-22,-6,
-1,-1,59,-199,-35,0,
-3,-2,59,-215,-12,-8,
-3,-2,59,-215,-12,-8,
-1,-1,59,-170,-37,3,
-2,-1,59,-174,-21,1,
-2,-1,59,-210,-27,-5,
-2,-1,59,-210,-27,-5,
-3,-1,59,-209,-29,1,
-2,-1,59,-178,-31,-1,
-2,-1,59,-178,-31,-1,
-2,-1,59,-211,-29,-3,
-2,-1,59,-192,-30,5,
-2,-1,59,-215,-19,-6,
-2,-1,59,-221,-22,1,
-2,-1,59,-221,-22,1,
-1,-2,59,-234,-4,-8,
-1,-2,59,-180,-49,-12,
-1,-2,59,-180,-49,-12,
-2,-1,59,-165,-16,-3,
-2,-1,59,-205,-19,2,
-3,-1,59,-198,-29,-5,
-3,-2,59,-198,-45,6,
-3,-1,59,-236,-19,-1,
-2,-1,59,-231,-47,-6,
-1,-2,59,-195,-18,4,
-2,-1,59,-214,-86,0,
1,-1,58,-202,-60,-6,
-2,-2,59,-243,-31,-4,
-5,-2,60,-214,-49,5,
-3,0,59,-265,152,-11,
-3,0,59,-265,152,-11,
-6,-2,60,-312,101,-14,
0,0,58,-171,-126,-10,
0,0,58,-171,-126,-10,
-4,-1,59,-193,35,0,
-1,-1,59,-172,-87,8,
-2,-2,59,-209,-39,-2,
-2,-1,59,-171,-51,4,
-2,-1,59,-195,-9,3,
-3,-1,59,-164,-22,6,
-2,-1,59,-178,-45,3,
-2,-2,59,-186,-65,1,
-2,-2,59,-186,-65,1,
-2,0,59,-191,-11,3,
-1,-2,59,-236,-18,-7,
-2,-1,59,-204,-3,-4,
-2,-1,59,-214,-31,-6,
-2,-1,59,-214,-31,-6,
-1,-1,59,-190,-10,-9,
-1,-1,59,-184,-26,1,
-3,-1,59,-186,-5,3,
-3,-1,59,-200,-15,3,
-2,-2,59,-200,-49,0,
-2,-1,59,-189,-14,-2,
-2,-2,59,-212,-30,-2,
-2,-1,59,-210,-31,3,
-1,-1,59,-201,-23,4,
-1,-1,59,-201,-23,4,
-3,-1,59,-216,26,-6,
-2,-1,59,-190,-35,-9,
-2,-1,59,-187,-23,3,
-2,-1,59,-215,-22,-2,
-2,-1,59,-192,-7,0,
-2,-2,59,-197,-54,1,
-2,-2,59,-197,-54,1,
-1,-1,59,-181,-82,3,
-2,-1,59,-198,-16,2,
-2,-1,59,-198,-16,2,
-2,-2,59,-181,-45,-3,
-2,-1,59,-160,-50,0,
-2,-1,59,-189,-27,1,
-2,-1,59,-189,-27,1,
-2,-1,59,-204,-19,-3,
-2,-1,59,-221,-16,-6,
-2,-1,59,-221,-16,-6,
-2,-1,59,-234,-17,-6,
-2,-1,59,-220,-9,1,
-2,-1,59,-220,-9,1,
-2,-1,59,-203,-27,-3,
-2,-1,59,-188,-15,2,
-2,-1,59,-188,-28,-2,
-2,-1,59,-211,-39,0,
-2,-1,59,-211,-39,0,
-2,-1,59,-172,-19,-1,
-2,-1,59,-198,-31,2,
-2,-1,59,-193,-21,-3,
-2,-1,59,-201,-22,3,
-2,-1,59,-208,-30,0,
-2,-1,59,-208,-30,0,
-2,-1,59,-202,-26,-2,
-2,-1,59,-191,-30,-4,
-2,-1,59,-186,-35,-6,
-2,-2,59,-208,-12,-3,
-2,-1,59,-198,-23,-10,
-2,-1,59,-232,-15,-2,
-2,-1,59,-232,-15,-2,
-2,-2,59,-236,-14,-5,
-2,-1,59,-171,-31,-4,
-2,-1,59,-171,-31,-4,
-2,-1,59,-210,-26,3,
-2,-1,59,-194,-20,0,
-2,-1,59,-237,-14,-3,
-2,-2,59,-212,-19,1,
-2,-1,59,-154,-42,-4,
-1,0,59,-241,-28,-8,
-2,-2,59,-190,-14,-5,
-2,-2,59,-190,-14,-5,
-2,-1,59,-175,-38,5,
-2,-1,59,-235,-15,3,
-2,-1,59,-240,-19,5,
-3,-2,59,-165,-25,7,
-2,-1,59,-171,-56,3,
-2,-1,59,-211,-33,-7,
-2,-1,59,-196,-33,-4,
-2,-1,59,-196,-33,-4,
-3,-2,59,-212,-9,-3,
-3,-2,59,-212,-9,-3,
-2,-2,59,-186,-29,-1,
-2,-1,59,-163,-16,9,
-2,-1,59,-247,-15,1,
-2,-2,59,-231,-1,-3,
-2,-1,59,-180,-55,1,
-2,-1,59,-180,-55,1,
-2,-1,59,-193,-33,-3,
-2,-2,59,-211,-19,-1,
-2,-2,59,-211,-19,-1,
-2,-1,59,-210,-17,-3,
-2,-2,59,-216,-34,-1,
-2,-2,59,-187,-16,0,
-3,-1,59,-167,-19,-4,
-1,-1,59,-233,-25,-9,
-2,-3,59,-211,13,1,
0,1,58,-162,-10,-6,
-5,-3,60,-320,-47,0,
-1,-5,59,-243,-123,2,
0,1,58,-211,-4,-2,
-4,-4,59,-293,46,-7,
-2,0,59,-139,-44,-3,
-2,0,59,-139,-44,-3,
-1,0,59,-203,-55,-5,
-3,-2,59,-239,4,-6,
-2,-2,59,-172,-34,-3,
-2,-1,59,-194,-28,-3,
-2,-1,59,-194,-28,-3,
-2,-1,59,-224,-17,-3,
-2,-2,59,-231,-18,1,
-1,-1,59,-200,-26,-2,
-2,-1,59,-196,-17,9,
-2,-1,59,-196,-17,9,
-1,-1,59,-178,-36,4,
-4,-2,59,-228,-13,-5,
-4,-2,59,-228,-13,-5,
0,-2,58,-196,-75,-4,
-2,-1,59,-185,-23,0,
-2,-2,59,-184,-27,-2,
-2,-2,59,-184,-27,-2,
-3,-1,59,-168,-33,2,
-1,-1,59,-174,-52,-3,
-2,-1,59,-199,-25,-7,
-2,-1,59,-190,-25,0,
-2,-1,59,-170,-42,-2,
-2,0,59,-180,-41,-2,
-2,-2,59,-234,-39,4,
-2,-2,59,-234,-39,4,
-1,-1,59,-208,-26,2,
-2,-2,59,-230,-17,-4,
-2,-2,59,-230,-17,-4,
-4,-1,59,-197,1,8,
-4,-1,59,-197,1,8,
-1,-1,59,-182,-31,-2,
-3,-1,59,-210,-10,-4,
-2,-2,59,-239,-3,-1,
-2,-2,59,-239,-3,-1,
-2,-2,59,-201,-37,2,
-2,-1,59,-187,-34,1,
-2,-1,59,-187,-34,1,
-2,-1,59,-207,-45,-6,
-2,-2,59,-214,-23,-2,
-2,-2,59,-214,-23,-2,
-2,-1,59,-193,-21,7,
-1,-1,59,-220,-28,-1,
-1,-1,59,-225,-10,-2,
-2,-1,59,-203,-18,-5,
-2,-2,59,-197,-28,-1,
-2,-1,59,-220,-24,-5,
-2,-1,59,-220,-24,-5,
-1,-1,59,-252,-21,0,
-3,-2,59,-228,-18,-5,
-2,-1,59,-181,-36,-2,
-2,-1,59,-181,-36,-2,
-2,-1,59,-206,-34,0,
-2,-2,59,-182,-42,-3,
-2,-1,59,-173,-26,-3,
-1,-1,59,-226,-39,-4,
-2,-2,59,-205,-23,-4,
-2,-1,59,-206,-35,-5,
-2,-1,59,-206,-35,-5,
-2,-1,59,-210,-18,9,
-2,-2,59,-193,-18,-2,
-2,-2,59,-193,-18,-2,
-2,0,59,-161,-34,4,
-2,-2,59,-273,5,-5,
-3,-2,59,-227,-5,-10,
-2,-1,59,-174,-34,4,
-2,-1,59,-209,-17,-5,
-2,-1,59,-209,-17,-5,
-2,-2,59,-201,-22,-2,
-1,0,59,-178,-50,-4,
-1,0,59,-178,-50,-4,
-1,-1,59,-260,-5,-3,
-2,-1,59,-177,-29,3,
-2,-1,59,-194,-31,-9,
6,3,59,-244,13,1244,
11,2,60,-330,-350,16668,
-10,0,67,313,-5036,5482,
-10,0,67,313,-5036,5482,
15,-4,65,-8547,-4503,7135,
-2,0,76,-7603,11861,5743,
-2,0,76,-7603,11861,5743,
-9,-6,72,-4014,11734,2853,
-17,-8,68,-4264,11856,-702,
-25,-15,64,-4985,8669,-6693,
-26,-15,51,-4335,9278,-16347,
-21,-18,45,-3947,3691,-21458,
-8,-11,37,14541,-8608,-7801,
-8,-15,38,18528,-6763,-5570,
-4,-2,40,6803,9848,15874,
2,0,46,2603,10425,21746,
0,15,49,4514,4341,18670,
0,15,49,4514,4341,18670,
-9,16,59,-2584,2767,13009,
-2,14,74,-8974,35,1303,
-2,14,74,-8974,35,1303,
-17,9,70,-10299,1749,-8730,
-23,0,71,-9740,-2967,-15443,
-36,-3,65,-5906,-5984,-21909,
-14,-8,65,-371,-25972,-31070,
-4,-24,65,1399,-4892,-16500,
-6,-19,56,18537,9738,-13932,
-13,-26,29,12467,14550,7194,
4,7,42,3993,-4236,17693,
4,7,42,3993,-4236,17693,
10,9,41,2039,-4698,21046,
23,38,68,-5889,-6335,15146,
17,33,63,-5198,-3416,9038,
-3,19,79,2102,-826,-5421,
-12,14,82,4315,-303,-8296,
-16,-22,65,-5406,8005,-16531,
-16,-22,65,-5406,8005,-16531,
-22,-23,57,-3560,10867,-5683,
-3,-10,39,-7377,2073,-1825,
-3,-10,39,-7377,2073,-1825,
-1,-11,39,-17968,15239,3241,
6,14,32,5571,-903,16129,
5,17,55,12695,-15656,20444,
5,29,61,-3265,4453,13737,
0,18,60,-552,10407,8477,
-18,20,72,-3309,16661,2410,
-26,12,64,-6557,20448,-6917,
-26,12,64,-6557,20448,-6917,
-54,1,58,-4883,25873,-11541,
-53,-10,46,-8363,23425,-19639,
-50,-22,28,-12795,25858,-21106,
-55,-19,22,-12373,16595,-25639,
-51,-36,-10,-8479,6032,-17536,
-35,-33,14,4699,-30874,-6637,
-35,-33,14,4699,-30874,-6637,
-31,-33,19,8632,-31657,-1707,
-29,-28,33,9156,-29653,-775,
-17,-21,35,18766,-31122,-253,
-17,-21,35,18766,-31122,-253,
-11,-14,49,23735,-23194,-342,
-3,0,58,26742,-12849,3090,
0,12,52,30129,-6835,3239,
9,21,62,30126,-14778,7466,
13,34,61,13449,-8223,6467,
12,31,57,15121,3036,-1036,
12,31,57,15121,3036,-1036,
10,39,63,16660,186,-144,
5,34,53,10705,17474,-3722,
5,34,53,10705,17474,-3722,
-1,41,52,12534,15729,-1337,
-9,42,39,8494,20994,-2474,
-9,42,39,8494,20994,-2474,
-14,48,38,4768,24156,-5786,
-25,42,24,8285,27997,218,
-25,42,24,8285,27997,218,
-32,49,18,3172,26903,-5268,
-31,47,20,3087,20811,-7547,
-40,48,6,2519,22558,-4353,
-40,48,6,2519,22558,-4353,
-39,50,6,2473,22294,-4337,
-45,44,-2,3080,21251,-4994,
-41,44,-9,3074,25240,-10683,
-41,40,-16,2775,26636,-10617,
-47,43,-21,-326,26556,-15227,
-39,39,-22,150,29509,-22192,
-39,25,-42,-706,28820,-26085,
-45,24,-38,-627,12092,-20635,
-45,24,-38,-627,12092,-20635,
-53,16,-44,-2647,9787,-29242,
-49,8,-49,-1163,2979,-23305,
-56,-2,-46,-1459,-2794,-31987,
-52,-8,-43,-140,-11467,-26031,
-52,-8,-43,-140,-11467,-26031,
-58,-26,-37,-7010,-19842,-32610,
-54,-29,-33,-2383,-24094,-21663,
-56,-43,-20,740,-23863,-11390,
-56,-43,-20,740,-23863,-11390,
-52,-37,-18,5430,-25407,-8013,
-47,-41,0,12053,-30356,-811,
-47,-41,0,12053,-30356,-811,
-49,-40,3,15498,-29964,-1268,
-38,-30,29,23883,-31088,1040,
-38,-30,29,23883,-31088,1040,
-38,-27,30,24644,-32409,1971,
-18,-14,42,22164,-32758,6431,
3,-2,49,26292,-32768,4616,
16,2,57,24681,-32768,1697,
36,8,70,22132,-11597,-9819,
39,14,70,20892,-5981,-8071,
28,28,61,17931,-780,-6982,
28,28,61,17931,-780,-6982,
33,31,68,13067,856,-5900,
22,32,62,8883,10965,-10817,
12,24,58,-88,14115,-14487,
7,15,32,-15522,16526,-7522,
-4,26,14,-13919,11170,6475,
-5,33,14,-13575,2541,9108,
-2,27,21,-10767,-513,4295,
17,6,70,-8755,-9340,2250,
17,6,70,-8755,-9340,2250,
32,-3,104,-6674,-6370,2553,
51,-1,127,6465,-4475,-3210,
38,0,101,4130,8627,-1847,
1,8,38,5971,13405,-1150,
1,8,38,5971,13405,-1150,
-7,12,22,5503,12704,-667,
-25,32,-13,-1858,4230,1603,
-26,33,-15,-3323,1903,1381,
-11,23,7,-5330,-6477,889,
16,6,66,-5484,-9521,192,
16,6,66,-5484,-9521,192,
29,3,101,-4241,-9617,-1005,
56,-3,127,4422,-4454,-3306,
31,1,112,3495,13363,-1930,
-2,8,33,10539,11988,-2564,
-2,8,33,10539,11988,-2564,
-19,16,-6,6196,10080,-441,
-37,33,-32,-3791,1158,1973,
-22,25,-7,-6906,-7097,1451,
15,12,58,-9436,-11580,1783,
15,12,58,-9436,-11580,1783,
38,3,117,-4325,-12194,-1367,
46,-6,127,1868,-1244,-1197,
28,6,106,2995,11300,106,
13,6,66,3271,14331,188,
-18,20,2,2755,7979,402,
-18,20,2,2755,7979,402,
-29,27,-12,-6247,846,1070,
-29,27,-12,-6247,846,1070,
-5,12,28,-5808,-12511,-1763,
38,3,115,1385,-15344,-5818,
41,-2,127,2252,-3619,-5870,
16,11,78,996,8311,-3819,
-3,12,37,1267,8222,-4905,
-16,17,20,860,2229,-2117,
-11,20,31,722,-3266,-1202,
-7,13,41,3396,-4681,-2062,
3,15,57,8270,-4147,-153,
3,15,57,8270,-4147,-153,
12,17,74,7930,-5097,-1098,
11,25,68,5116,1939,756,
11,25,68,5116,1939,756,
11,29,62,7363,2939,-467,
3,33,46,12477,13445,-2655,
3,33,46,12477,13445,-2655,
2,36,42,14475,15794,-3531,
-19,38,36,9295,12045,-5499,
-8,45,38,7747,10475,-1821,
-19,45,39,2969,1193,3494,
-19,45,39,2969,1193,3494,
-21,49,44,1477,6552,2787,
-34,31,22,-13160,8972,-1560,
-27,40,38,-13569,6816,1038,
-38,25,24,-24634,18305,-6145,
-40,27,33,-24072,16644,-5660,
-50,20,26,-31602,18499,-11907,
-53,-1,29,-23185,7469,-17360,
-52,-14,26,-27363,-552,-15455,
-54,-21,23,-10027,-5032,-11204,
-54,-21,23,-10027,-5032,-11204,
-49,-29,24,-201,-21348,-6370,
-22,-16,44,23290,-32768,-5073,
-22,-16,44,23290,-32768,-5073,
-16,-3,52,32767,-32590,-9846,
1,8,72,32760,-24146,-6407,
1,8,72,32760,-24146,-6407,
-2,18,50,32766,-10101,-9593,
5,50,57,32767,-1688,-1765,
7,59,48,32227,2732,-616,
-2,51,29,10492,11040,-1845,
0,54,32,7995,13556,-737,
-17,51,17,-879,25170,-2263,
-17,51,17,-879,25170,-2263,
-18,51,25,2216,15912,-2552,
-22,55,29,-3197,17863,-5877,
-28,43,15,-9587,10204,-3781,
-28,50,24,-10902,5969,-1498,
-35,43,27,-13868,9601,-5538,
-35,43,27,-13868,9601,-5538,
-41,40,30,-13764,12407,-7134,
-41,28,17,-22551,24144,-15969,
-41,28,17,-22551,24144,-15969,
-51,22,17,-21553,21931,-12820,
-54,16,11,-25808,18922,-14326,
-54,16,11,-25808,18922,-14326,
-65,6,5,-21371,14334,-12777,
-60,-5,8,-25108,3191,-12051,
-60,-5,8,-25108,3191,-12051,
-68,-12,-3,-29762,8151,-13728,
-67,-9,5,-9162,-4505,-11790,
-67,-9,5,-9162,-4505,-11790,
-58,-27,2,-15075,-3986,-11523,
-61,-26,-1,-18182,-1001,-10265,
-59,-33,4,9073,-10717,-8936,
-59,-33,4,9073,-10717,-8936,
-54,-28,6,9468,-12558,-5948,
-49,-30,16,19785,-17820,-3840,
-48,-24,19,24608,-14844,-461,
-40,-14,37,32767,-18278,-243,
-36,-5,49,32702,-17696,934,
-32,6,56,25421,-9528,3672,
-32,6,56,25421,-9528,3672,
-31,14,57,21225,-2947,5708,
-29,23,48,11658,4480,5496,
-30,26,49,10447,5874,4580,
-32,27,40,2209,17302,5547,
-32,27,40,2209,17302,5547,
-37,31,35,1801,22254,7378,
-40,31,34,1247,24430,7246,
-42,31,24,-2296,21862,1563,
-47,32,22,-2712,22822,457,
-46,33,19,-2322,23828,-406,
-58,26,2,-7817,22838,-5871,
-58,26,2,-7817,22838,-5871,
-61,25,0,-7171,19806,-5796,
-62,16,0,-9552,-1733,-18227,
-66,15,1,-10616,-2795,-18699,
-66,-4,5,-16627,-7769,-21419,
-66,-4,5,-16627,-7769,-21419,
-64,-10,4,-13216,-10131,-19376,
-47,-16,20,3725,-32768,-7677,
-47,-16,20,3725,-32768,-7677,
-45,-13,33,8014,-32633,-4746,
-33,-10,41,18847,-31113,-5719,
-24,-3,52,26648,-28412,-4493,
-12,5,63,32409,-21313,-4083,
-11,25,61,29874,-1926,-489,
-11,25,61,29874,-1926,-489,
-11,27,52,30813,5161,2296,
-10,43,45,19683,6068,3746,
-11,46,39,14185,16712,6152,
-21,49,31,4276,17067,5534,
-17,49,24,-217,14736,3529,
-24,45,26,-9246,24678,-566,
-30,47,25,-8967,28637,-934,
-43,40,21,-7741,10544,-8480,
-43,40,21,-7741,10544,-8480,
-45,37,22,-9648,8003,-9530,
-48,30,22,-17440,-180,-13223,
-48,30,22,-17440,-180,-13223,
-50,24,19,-17746,-1705,-13465,
-53,23,30,-11903,-9461,-10476,
-43,14,36,-9614,-32768,-11199,
-26,10,49,-5746,-29426,-6333,
-25,8,51,1367,-18744,-5685,
-25,8,51,1367,-18744,-5685,
-16,12,51,15257,-17489,-5977,
-5,26,58,22904,-17314,-3196,
-5,26,58,22904,-17314,-3196,
-3,30,57,18095,-5179,-2516,
-4,38,49,15637,4402,2228,
-4,41,44,16891,4936,2377,
-5,46,40,14263,8996,4601,
-5,46,40,14263,8996,4601,
-6,50,36,8137,12425,4752,
-11,51,30,-147,19409,3276,
-11,51,30,-147,19409,3276,
-16,48,30,-4603,20982,395,
-20,46,27,-6168,21193,-1351,
-34,46,28,-6475,13391,-5150,
-35,46,26,-8253,9697,-5455,
-36,38,29,-9560,89,-5326,
-37,36,40,-15913,3596,-7149,
-40,26,32,-17220,5177,-8546,
-44,22,39,-15950,3370,-7908,
-43,18,38,-12951,161,-7601,
-43,18,38,-12951,161,-7601,
-46,11,36,-9523,-7784,-5796,
-38,9,45,-4067,-19654,-1178,
-38,9,45,-4067,-19654,-1178,
-29,8,46,-357,-27519,1202,
-11,10,51,3557,-32768,2920,
8,13,51,6464,-32768,1478,
19,14,54,5334,-32768,805,
31,18,55,6356,-205,-2828,
31,18,55,6356,-205,-2828,
27,18,52,5660,3116,-2590,
27,20,50,2715,1438,-745,
26,21,50,2124,2502,-841,
23,20,52,1075,2115,-3490,
23,20,52,1075,2115,-3490,
22,19,53,24,2507,-2808,
15,26,43,-208,848,-1238,
15,26,43,-208,848,-1238,
16,24,45,1468,-1680,-1641,
20,23,52,-917,3510,-791,
17,24,49,-1008,4330,-1317,
19,25,52,-683,-2365,-545,
19,26,53,-1350,1038,-230,
16,23,52,-2819,2385,-1307,
16,23,52,-2819,2385,-1307,
15,23,49,-1523,1081,-2370,
14,21,50,896,-320,-1946,
12,22,56,-1555,3487,-2847,
9,19,56,-4156,5153,-3706,
6,22,53,-5322,1677,-8862,
4,21,56,-5522,2659,-5924,
9,17,52,-11022,-2906,-4583,
17,23,55,-10615,4402,-2648,
8,12,49,-7857,3585,-2419,
9,12,52,-8127,6131,-808,
3,0,60,-6673,-114,-402,
4,0,56,-7132,-986,833,
-5,-6,57,-4511,11739,2637,
-6,-10,55,-2364,10370,2647,
-15,-11,55,1484,6658,2729,
-22,-8,60,2236,5080,-826,
-19,-3,65,78,4469,-1555,
-21,-6,60,414,234,-2593,
-23,-9,60,1711,103,-3531,
-24,-6,58,-949,4899,-2205,
-24,-6,58,-949,4899,-2205,
-20,-4,55,-392,4237,-2394,
-22,-2,58,-171,2741,-1312,
-22,-2,58,-171,2741,-1312,
-28,1,53,-16,246,-573,
-10,0,65,5122,-19674,-883,
-10,0,65,5122,-19674,-883,
-20,-5,58,4166,-11096,-415,
-11,-6,54,-852,-11963,2564,
-8,-2,54,-402,-17338,2792,
2,0,60,20,-11959,2477,
0,0,59,-538,-125,619,
0,0,59,-538,-125,619,
-2,-1,59,-134,-52,-74,
-2,-1,59,-185,-16,-7,
-2,-1,59,-171,-37,-4,
-2,-1,59,-186,-19,-4,
-2,-1,59,-196,-36,-7,
-2,-1,59,-194,-26,-4,
-2,-1,59,-194,-26,-4,
-2,-1,59,-209,-11,-5,
-2,-1,59,-199,-27,2,
-2,-1,59,-196,-15,-5,
-2,-1,59,-205,-26,-4,
-2,-1,59,-205,-26,-4,
-2,-2,59,-221,-23,-3,
-2,-2,59,-221,-23,-3,
-2,-1,59,-216,-16,-3,
-2,-1,59,-218,-17,2,
-2,-1,59,-238,0,-12,
-2,-2,59,-233,-5,-4,
-2,-1,59,-192,-38,-3,
-2,-1,59,-192,-38,-3,
-2,-1,59,-226,-13,-4,
-2,-2,59,-137,-58,6,
-2,-1,59,-239,-16,-5,
-2,-1,59,-239,-16,-5,
-3,-1,59,-190,-13,3,
-2,-1,59,-199,-61,-5,
-1,-2,59,-204,-35,2,
-2,-1,59,-180,-8,-1,
-3,-1,59,-208,-52,-10,
-1,-2,59,-190,-46,-2,
-2,-1,59,-172,-51,0,
-2,-1,59,-172,-51,0,
-1,-1,59,-185,-54,6,
-2,-1,59,-196,-29,-3,
-2,-1,59,-197,-29,2,
-2,-1,59,-204,-29,-3,
-2,-1,59,-204,-29,-3,
-2,-1,59,-207,-23,2,
-2,-1,59,-201,-21,-6,
-2,-1,59,-201,-21,-6,
-2,-1,59,-202,-30,-2,
-2,-1,59,-227,-22,0,
-2,-1,59,-208,-31,-15,
-2,-1,59,-209,-31,-8,
-2,-1,59,-216,-26,-3,
-2,-1,59,-199,-14,-3,
-2,-1,59,-213,-21,-10,
-2,-1,59,-197,-25,-9,
-2,-1,59,-209,-28,-2,
-2,-1,59,-209,-28,-2,
-2,-1,59,-193,-20,-3,
-2,-1,59,-199,-19,-8,
-2,-1,59,-199,-19,-8,
-2,-1,59,-187,-39,-6,
-2,-1,59,-203,-19,2,
-2,-1,59,-217,-31,-6,
-2,-2,59,-213,-21,-3,
-2,-1,59,-173,-47,5,
-2,-1,59,-169,-30,-3,
-2,-1,59,-234,-17,-3,
-2,-2,59,-225,-9,2,
-2,-1,59,-196,-32,-6,
-2,-1,59,-196,-32,-6,
-2,-1,59,-222,3,-2,
-2,-1,59,-222,3,-2,
-2,-1,59,-196,-32,-1,
-2,-1,59,-206,-21,5,
-2,-1,59,-202,-32,-2,
-2,-1,59,-189,-17,-5,
-2,-1,59,-189,-17,-5,
-2,-2,59,-220,-16,-1,
-2,-1,59,-161,-66,-6,
-2,-1,59,-193,-29,3,
-2,-1,59,-199,-38,3,
-2,-1,59,-199,-38,3,
-1,-1,59,-168,-47,-9,
-2,-1,59,-211,-32,-3,
-2,-1,59,-207,-23,-3,
-1,-1,59,-207,-26,-8,
-2,-2,59,-205,-15,-2,
-2,-1,59,-181,-29,1,
-2,-1,59,-200,-25,0,
-2,-1,59,-202,-21,3,
-2,-2,59,-193,-33,-3,
-2,-2,59,-193,-33,-3,
-2,-1,59,-161,-51,-4,
-2,-1,59,-211,-30,-5,
-2,-1,59,-211,-30,-5,
-2,-1,59,-203,-34,-2,
-2,-1,59,-197,-29,-5,
-2,-1,59,-197,-29,-5,
-2,-1,59,-210,-20,-5,
-2,-1,59,-209,-22,-7,
-2,-1,59,-223,-19,-6,
-2,-1,59,-222,3,-5,
-2,-1,59,-205,-10,-6,
-2,-1,59,-210,-8,-4,
-2,-2,59,-261,13,-2,
-3,-2,59,-212,-14,-3,
-2,-1,59,-220,-28,-3,
-2,-1,59,-216,-32,-8,
-2,-1,59,-188,-16,0,
-2,-1,59,-201,-17,-2,
-2,-1,59,-205,-21,-1,
-2,-1,59,-205,-21,-1,
-2,-1,59,-196,-31,-5,
-2,-1,59,-193,-14,-2,
-2,-1,59,-193,-14,-2,
-2,-1,59,-199,-23,3,
-2,-1,59,-199,-40,1,
-2,-1,59,-211,-32,-9,
-2,-2,59,-219,-14,-7,
-2,-2,59,-219,-14,-7,
-2,-1,59,-205,-20,-6,
-2,-2,59,-209,-9,-7,
-2,-2,59,-168,-35,-1,
-2,-2,59,-168,-35,-1,
-2,-1,59,-166,-56,4,
-2,-1,59,-193,-20,0,
-2,-1,59,-193,-20,0,
-2,-1,59,-211,-23,-4,
-2,-1,59,-202,-21,0,
-2,-1,59,-192,-39,3,
-2,-1,59,-191,-34,-4,
-2,-1,59,-176,-26,2,
-3,-1,59,-223,-9,1,
-2,-1,59,-185,-34,3,
-2,-1,59,-176,-39,-6,
-2,-1,59,-224,-8,-3,
-2,-1,59,-224,-8,-3,
-2,-2,59,-233,3,-4,
-2,-1,59,-203,-31,-5,
-2,-2,59,-217,-13,-5,
-2,-1,59,-147,-33,3,
-2,-2,59,-221,-9,-5,
-2,-2,59,-221,-9,-5,
-2,-1,59,-184,-36,1,
-2,-1,59,-204,-31,6,
-2,-1,59,-218,-27,-1,
-2,-2,59,-195,-23,3,
-1,-1,59,-190,-56,3,
-1,-1,59,-212,-23,0,
-2,-1,59,-191,-35,0,
-2,-1,59,-191,-35,0,
-2,-1,59,-202,-25,3,
-2,-1,59,-202,-24,2,
-2,-1,59,-202,-24,2,
-2,-1,59,-192,-15,-4,
-2,-1,59,-219,-17,-4,
-2,-1,59,-215,-33,-9,
-2,-1,59,-203,-33,1,
-2,-1,59,-202,-22,-2,
-2,-1,59,-191,-43,-4,
-2,-1,59,-191,-43,-4,
-2,-1,59,-188,-31,1,
-2,-1,59,-212,-21,-6,
-2,-1,59,-212,-21,-6,
-2,-1,59,-167,-50,0,
-1,-1,59,-203,-18,-1,
-2,-2,59,-188,-35,-6,
-2,-1,59,-190,-22,5,
-2,-1,59,-204,-27,-4,
-2,-1,59,-204,-27,-4,
-2,-1,59,-201,-36,4,
-2,-1,59,-207,-28,2,
-2,-1,59,-207,-29,-2,
-2,-1,59,-195,-35,-4,
-2,-1,59,-207,-20,-3,
-2,-1,59,-207,-20,-3,
-2,-1,59,-199,-33,-4,
-2,-1,59,-203,-19,3,
-2,-1,59,-204,-22,0,
-2,-1,59,-204,-22,0,
-2,-1,59,-210,-24,3,
-2,-1,59,-203,-26,-4,
-2,-2,59,-202,-32,-8,
-1,-1,59,-125,-55,0,
-4,-2,59,-245,-12,-1,
-4,-2,59,-245,-12,-1,
0,-1,58,-154,-36,4,
-2,-1,59,-238,56,1,
-3,-2,59,-202,-7,1,
-1,0,59,-124,-99,0,
-3,-2,59,-272,0,-4,
-3,-2,59,-272,0,-4,
-2,-1,59,-171,-53,2,
-2,-2,59,-194,-15,-4,
-1,0,59,-67,-88,-11,
-3,-2,59,-250,16,-2,
-2,-2,59,-188,-42,-3,
-1,0,59,-189,-22,-4,
-2,-2,59,-183,-44,0,
-2,-1,59,-194,-14,0,
-2,-1,59,-183,-22,-2,
-2,-1,59,-183,-22,-2,
-2,-1,59,-192,-35,-4,
-3,-1,59,-183,-37,-3,
-3,-1,59,-183,-37,-3,
-1,-1,59,-222,-27,0,
-2,-1,59,-171,-57,-5,
-2,-1,59,-171,-57,-5,
-2,-1,59,-231,-5,0,
-2,-1,59,-181,-34,-6,
-2,-1,59,-181,-34,-6,
-2,-1,59,-193,-23,-4,
-1,-1,59,-185,-66,-2,
-1,-2,59,-239,16,9,
-1,-1,59,-200,-53,-8,
-1,-1,59,-200,-53,-8,
-3,-1,59,-240,-14,4,
-2,-2,59,-233,-21,2,
-2,-1,59,-234,-12,0,
-2,-2,59,-230,-18,1,
-2,-2,59,-255,-17,-3,
-1,-2,59,-220,-13,-4,
-1,-2,59,-220,-13,-4,
-1,-1,59,-220,-49,-5,
-1,-1,59,-220,-49,-5,
-3,-2,59,-273,14,1,
0,-1,59,-215,-21,3,
-3,-1,59,-185,-18,-2,
-3,-1,59,-321,69,6,
-1,-3,59,-175,-116,-8,
-4,-1,59,-263,-2,4,
0,-2,59,-159,-37,-5,
-4,0,59,-203,-10,1,
-3,-1,59,-193,38,2,
-3,-1,59,-193,38,2,
-4,0,59,-176,-32,-3,
-4,-1,59,-176,-30,2,
-1,-1,59,-152,-111,-3,
-1,-1,59,-140,-114,-12,
-1,-1,59,-140,-114,-12,
0,-1,58,-183,-39,-2,
0,-1,58,-149,-61,8,
-3,0,59,-205,15,-5,
-3,-1,59,-123,-4,12,
-3,-1,59,-123,-4,12,
-2,0,59,-120,-86,-1,
-3,-1,59,-102,-87,-3,
0,0,58,-123,-112,-10,
-4,-2,60,-311,75,0,
0,0,58,-154,-46,-2,
-5,-2,60,-328,-6,-2,
-2,-1,60,-186,133,3,
-2,-1,59,-190,-154,-3,
-7,0,60,-219,55,6,
-7,0,60,-219,55,6,
3,-3,58,-213,-102,-11,
-2,0,59,-173,-118,-11,
-2,0,59,-173,-118,-11,
-1,-2,59,-247,88,1,
1,-2,58,-163,-115,-2,
-1,-1,59,-212,50,-4,
-1,-1,59,-179,26,2,
-5,0,59,-224,59,3,
0,-3,58,-182,-95,-4,
-2,-1,59,-226,-73,7,
-2,-2,59,-176,35,3,
0,-2,58,-223,-62,-1,
0,-2,58,-223,-62,-1,
-5,-1,60,-230,31,-8,
-2,-1,59,-233,42,4,
-2,-1,59,-233,42,4,
-2,-3,59,-203,-84,-5,
-4,0,59,-216,26,-5,
0,-2,59,-185,-71,-1,
-2,-1,59,-240,-42,-4,
-2,-2,59,-195,12,2,
-1,-2,59,-194,-45,0,
-3,-1,59,-185,-3,8,
-2,-1,59,-175,-54,-3,
-1,-2,59,-201,-53,2,
-1,-1,59,-188,-36,-1,
-2,-2,59,-191,-24,-2,
-3,-1,59,-185,-18,-6,
-2,-2,59,-203,-12,0,
-2,-2,59,-203,-12,0,
-2,-1,59,-198,-32,-5,
-3,-1,59,-167,-12,-6,
-3,-1,59,-167,-12,-6,
-1,-1,59,-209,-41,-4,
-2,-2,59,-194,-38,1,
-4,0,59,-141,1,-8,
0,-6,59,-267,40,0,
-4,1,59,-43,-124,-9,
0,-2,59,-511,-24,-9,
-3,0,59,318,-144,2,
-3,0,59,318,-144,2,
0,8,58,262,-235,-7,
-1,0,59,185,-260,-5,
1,4,58,9,-161,1,
0,1,58,203,-236,-2,
-1,1,58,-171,25,-2,
-1,0,58,-127,-48,2,
-3,0,59,-291,37,5,
-2,0,59,-195,-9,-1,
-2,-1,59,-252,2,-3,
-2,-1,59,-233,-16,-7,
-2,-2,59,-243,-13,-3,
-2,-1,59,-162,-31,5,
-2,-2,59,-223,-6,0,
-2,-2,59,-223,-6,0,
-2,-1,59,-172,-40,-9,
-2,-2,59,-212,-18,5,
-2,-2,59,-212,-18,5,
-2,-1,59,-190,-33,-5,
-2,-1,59,-204,-25,-4,
-2,-1,59,-194,-29,5,
-2,-2,59,-196,-27,-7,
-2,-1,59,-194,-28,2,
-2,-2,59,-201,-28,0,
-2,-2,59,-201,-28,0,
-2,-1,59,-188,-29,-2,
-2,-1,59,-206,-17,-5,
-2,-1,59,-206,-17,-5,
-2,-1,59,-197,-28,-4,
-2,-1,59,-190,-26,-7,
-1,-1,59,-180,-33,-7,
-2,-2,59,-189,52,3,
0,-5,59,-342,48,7,
-5,3,59,205,-141,0,
-1,-6,59,-366,68,10,
-3,2,59,-11,-167,-1,
-2,-7,60,-348,106,-1,
-2,4,58,163,-143,-4,
-3,-5,59,-256,40,-2,
-3,-5,59,-256,40,-2,
-1,1,58,-103,-87,4,
-3,-3,59,-181,-5,-3,
0,0,58,-160,-64,0,
-3,-2,59,-179,-38,0,
-1,0,59,-187,-34,1,
-2,-1,59,-246,17,-2,
-2,-1,59,-210,6,1,
-3,-1,59,-202,-14,-1,
-2,-1,59,-205,-17,3,
-1,-1,59,-200,-44,-3,
-2,-2,59,-216,-31,3,
-2,-2,59,-216,-31,3,
-2,-1,59,-174,-24,1,
-2,-2,59,-190,-38,-6,
-2,-2,59,-190,-38,-6,
-2,-1,59,-190,-30,-3,
-2,-1,59,-216,-13,-3,
-2,-1,59,-216,-13,-3,
-2,-1,59,-218,-38,-1,
-2,-1,59,-217,-21,-4,
-2,-1,59,-211,-23,-1,
-2,-1,59,-213,-21,-2,
-2,-1,59,-213,-21,-2,
-2,-1,59,-207,-18,-5,
-3,-1,59,-223,-7,0,
-2,-2,59,-196,-33,5,
-3,-1,59,-229,-17,-2,
-3,-1,59,-229,-17,-2,
-2,-2,59,-223,-33,5,
-2,-1,59,-213,-51,-8,
-1,-1,59,-228,-41,-8,
0,-2,59,37,-132,2,
-1,2,58,14,-73,9,
-1,-4,59,-171,-57,-1,
-1,-4,59,-171,-57,-1,
-3,0,59,-175,-20,-8,
-1,-3,59,-249,-10,7,
-2,0,59,-185,-46,3,
-2,0,59,-185,-46,3,
-2,-3,59,-244,9,-8,
-1,-1,59,-193,-33,2,
-1,-1,59,-193,-33,2,
-3,-2,59,-230,2,-1,
-2,-1,59,-224,-9,-4,
-2,-1,59,-224,-9,-4,
-2,-2,59,-198,-28,-2,
-2,-1,59,-214,-2,-3,
-2,-1,59,-214,-2,-3,
-2,-2,59,-214,-25,3,
-2,-1,59,-175,-28,-1,
-2,-2,59,-211,-22,6,
-2,-1,59,-217,-27,0,
-2,-1,59,-226,-18,-9,
-2,-1,59,-199,-21,-5,
-2,-1,59,-210,-16,-10,
-2,-1,59,-189,-26,-1,
-2,-1,59,-208,-29,-2,
-2,-1,59,-182,-31,-1,
-2,-2,59,-204,-28,3,
-2,-1,59,-190,-28,-2,
-2,-1,59,-190,-38,-2,
-2,-1,59,-208,-23,2,
-2,-1,59,-212,-27,-3,
-2,-1,59,-212,-27,-3,
-2,-1,59,-222,-24,4,
-2,-1,59,-195,-36,3,
-2,-2,59,-213,-9,-5,
-2,-2,59,-196,-18,8,
-2,-1,59,-242,-8,-1,
-2,-2,59,-216,-34,3,
-2,-1,59,-204,-11,2,
-2,-1,59,-174,-25,-2,
-2,-1,59,-207,-26,-2,
-2,-1,59,-240,-22,-8,
-2,-1,59,-193,-29,-6,
-2,-1,59,-210,-20,5,
-2,-1,59,-203,-27,4,
-2,-1,59,-203,-27,4,
-2,-1,59,-203,-23,-4,
-2,-1,59,-205,-21,-5,
-2,-1,59,-205,-21,-5,
-2,-1,59,-189,-26,0,
-2,-1,59,-205,-16,6,
0,-4,59,-280,-34,2,
-2,-4,59,-159,44,3,
-3,-3,59,-317,27,-10,
-3,-2,59,-169,-83,0,
-3,-3,59,-197,8,0,
-2,-1,59,-67,-69,1,
-2,-2,59,-200,-41,-2,
-1,-1,59,-141,-69,-1,
-2,-2,59,-139,-52,0,
-1,-1,59,-90,-40,-8,
-2,-2,59,-240,14,-2,
-2,-2,59,-240,14,-2,
-2,-1,59,-109,-72,5,
-2,-3,59,-267,16,-6,
-2,-1,59,-124,-62,-8,
-2,-1,59,-253,-3,3,
-1,0,59,-171,-46,2,
-2,0,59,-280,-31,-11,
-2,-2,59,-139,-59,1,
-2,-2,59,-139,-59,1,
-2,0,59,-193,-44,-2,
-2,-3,59,-225,-29,-2,
-2,-3,59,-225,-29,-2,
-1,-2,59,-162,-40,-8,
-2,-2,59,-216,-34,-3,
-2,-1,59,-179,-33,4,
-3,-2,59,-203,-14,-7,
-2,-1,59,-176,-40,-2,
-2,-1,59,-190,-31,-8,
-2,-1,59,-190,-31,-8,
-2,-1,59,-184,-43,-1,
-2,-1,59,-221,-11,-4,
-2,-1,59,-185,-31,-5,
-2,-1,59,-185,-31,-5,
-2,-1,59,-219,-14,-6,
-2,-1,59,-191,-24,-3,
-2,-1,59,-191,-33,-6,
-2,-1,59,-191,-33,-6,
-2,-1,59,-205,-15,-9,
-2,-1,59,-203,-39,0,
-2,-1,59,-215,-26,-8,
-2,-1,59,-215,-26,-8,
-2,-1,59,-199,-27,-1,
-2,-1,59,-199,-27,-1,
-2,-2,59,-207,-19,-1,
-2,-2,59,-246,-15,-3,
-2,-1,59,-172,-16,-9,
-2,-1,59,-172,-16,-9,
-2,-1,59,-212,-35,-2,
-2,-1,59,-191,-30,-8,
-2,-1,59,-191,-30,-8,
-2,-1,59,-207,-6,3,
-2,-1,59,-182,-27,-1,
-2,-1,59,-182,-27,-1,
-2,-1,59,-198,-18,-6,
-2,-1,59,-247,-20,-2,
-2,-2,59,-186,-27,0,
-2,-2,59,-212,-22,1,
-2,-2,59,-212,-22,1,
-2,-1,59,-185,-36,0,
-2,-2,59,-200,-19,-3,
-2,-2,59,-187,-16,-2,
-2,-1,59,-206,-34,-5,
-2,-1,59,-206,-34,-5,
-2,-1,59,-130,-40,1,
-2,-1,59,-130,-40,1,
-2,-1,59,-164,-36,-12,
-3,-2,59,-193,-44,2,
-3,-2,59,-193,-44,2,
-1,-1,59,-164,-61,2,
-1,-1,59,-185,-73,3,
-1,-1,59,-185,-73,3,
-1,-1,59,-192,-44,-6,
-2,-1,59,-136,-59,-3,
-2,-1,59,-136,-59,-3,
-1,0,58,-132,-54,-4,
-1,-4,59,-208,-36,1,
-3,0,59,-135,-25,-4,
-2,-3,59,-213,-8,8,
-2,-3,59,-213,-8,8,
-2,0,59,-163,-32,-1,
-2,-2,59,-239,-1,0,
-2,-1,59,-198,-14,-2,
-2,-1,59,-198,-14,-2,
-2,-2,59,-194,-1,-3,
-1,-2,59,-193,-42,4,
-2,0,59,-173,-27,-1,
-2,-3,59,-235,8,12,
-1,-2,59,-110,-46,0,
-2,-4,59,-232,-59,3,
-2,-4,59,-232,-59,3,
-1,-1,59,-93,-82,4,
-2,-3,59,-203,-37,-10,
-2,-3,59,-203,-37,-10,
-1,-1,59,-137,-44,-3,
-2,-2,59,-188,-43,-2,
-2,-2,59,-188,-43,-2,
-2,-1,59,-155,-39,-3,
-2,-1,59,-232,-15,-6,
-2,-1,59,-178,-34,-10,
-2,-2,59,-225,-24,-1,
-2,-1,59,-180,-18,-10,
-2,-2,59,-210,-33,-5,
-2,-1,59,-205,-28,2,
-2,-2,59,-215,-26,-4,
-2,-1,59,-193,-28,-10,
-2,-1,59,-204,-23,2,
-2,-1,59,-205,-29,-1,
-2,-1,59,-197,-22,-2,
-2,-1,59,-211,-27,-6,
-2,-1,59,-211,-27,-6,
-2,-1,59,-204,-22,-1,
-2,-1,59,-198,-38,3,
-3,0,59,-216,26,2,
-3,0,59,-216,26,2,
0,-3,59,-187,-47,-9,
-2,0,59,-202,-76,-4,
-2,-2,59,-250,33,0,
0,-1,59,-171,-73,-5,
0,-1,59,-171,-73,-5,
-2,-1,59,-237,-43,-4,
-3,0,59,-153,26,1,
-1,-1,59,-227,-63,-6,
-2,-1,59,-189,-31,-1,
-2,-1,59,-189,-31,-1,
-2,-1,59,-220,-21,3,
-2,-1,59,-162,-37,0,
-2,-1,59,-162,-37,0,
-2,-2,59,-289,19,-6,
-2,-2,59,-138,-67,-3,
-1,0,59,-128,-62,-6,
-2,0,59,-193,-22,-2,

-2,0,59,-193,-22,-2,
-1,-1,59,-185,-36,-4,
-1,-1,59,-185,-36,-4,
-2,-1,59,-213,-10,-2,
-2,-1,59,-209,-20,-4,
-2,-1,59,-209,-20,-4,
-2,-1,59,-217,-14,1,
-2,-1,59,-206,-13,3,
-2,-1,59,-208,-31,-5,
-2,-2,59,-206,-35,-7,
-2,-2,59,-206,-35,-7,
-2,-1,59,-193,-28,-2,
-2,-1,59,-213,-32,-2,
-2,-1,59,-213,-32,-2,
-2,-1,59,-209,-22,1,
-2,-1,59,-196,-23,-4,
-2,-1,59,-214,-11,-2,
-2,-1,59,-214,-11,-2,
-2,-1,59,-198,-31,-4,
-2,-1,59,-205,-14,5,
-2,-1,59,-197,-34,-3,
-2,-1,59,-198,-52,-2,
-2,-1,59,-198,-52,-2,
-2,-2,59,-198,-28,-4,
-3,-1,59,-206,4,-8,
-2,-1,59,-201,-26,-4,
-1,-1,59,-201,-48,-5,
-2,-2,59,-252,-5,0,
-3,-3,59,-238,-14,6,
-3,-4,59,-191,-38,-5,
-3,-4,59,-191,-38,-5,
0,0,58,-16,-167,-13,
-3,-3,59,-428,122,2,
0,1,58,-131,-58,-6,
0,1,58,-131,-58,-6,
-3,-3,59,-294,20,-4,
-2,0,59,-207,-11,-8,
-2,0,59,-207,-11,-8,
-2,-2,59,-232,-39,3,
-2,0,59,-188,-48,-5,
-2,0,59,-188,-48,-5,
-2,-1,59,-220,-11,-2,
-2,-1,59,-214,-30,4,
-2,-1,59,-214,-30,4,
-2,-1,59,-221,-25,-6,
-2,-2,59,-239,-17,-2,
-2,-1,59,-205,-22,-4,
-1,-2,59,-210,-31,-6,
-1,-2,59,-210,-31,-6,
-2,-1,59,-168,-29,-3,
-2,-1,59,-221,-9,-1,
-1,-2,59,-201,-27,-5,
-1,-2,59,-201,-27,-5,
-3,-1,59,-189,-19,-2,
-2,-2,59,-254,17,2,
-2,-1,59,-162,-47,-6,
-2,-1,59,-224,-11,1,
-2,-1,59,-224,-11,1,
-2,-2,59,-177,-8,0,
-1,-2,59,-92,-27,0,
-1,-2,59,-92,-27,0,
-2,0,59,-98,-37,-2,
-3,-2,59,-168,-28,2,
-3,-2,59,-168,-28,2,
-1,0,58,-183,-46,-2,
-2,-2,59,-150,-51,4,
-2,0,59,-213,-22,0,
-2,-2,59,-281,9,-3,
-2,-1,59,-230,-15,-2,
-2,-1,59,-230,-15,-2,
-2,-2,59,-246,-5,-1,
-2,-1,59,-225,-8,3,
-2,-2,59,-227,-17,0,
-2,-1,59,-227,-17,-6,
-2,-2,59,-201,-22,0,
-2,-1,59,-213,-25,-2,
-2,-1,59,-198,-25,0,
-2,-1,59,-191,-30,-1,
-2,-1,59,-208,-15,-3,
-2,-1,59,-184,-27,-1,
-2,-1,59,-216,-31,1,
-2,-1,59,-216,-31,1,
-2,-1,59,-198,-22,7,
-2,-1,59,-204,-23,0,
-2,-1,59,-195,-25,-5,
-2,-1,59,-195,-25,-5,
-2,-1,59,-202,-25,-3,
-2,-1,59,-207,-29,1,
-2,-1,59,-207,-29,1,
-2,-1,59,-205,-27,-4,
-2,-1,59,-200,-27,-2,
-2,-1,59,-200,-27,-2,
-2,-1,59,-193,-27,1,
-2,-1,59,-206,-22,-5,
-2,-1,59,-201,-31,1,
-2,-1,59,-197,-31,0,
-2,-1,59,-195,-31,2,
-2,-1,59,-199,-25,0,
-2,-1,59,-199,-25,0,
-2,-1,59,-202,-23,0,
-2,-1,59,-198,-24,-1,
-2,-1,59,-191,-20,5,
-2,-1,59,-191,-20,5,
-2,-1,59,-203,-35,-9,
-2,-1,59,-202,-26,2,
-2,-1,59,-202,-26,2,
-2,-1,59,-201,-28,-3,
-2,-1,59,-205,-24,-4,
-2,-1,59,-198,-33,2,
-2,-1,59,-211,-26,-10,
-2,-1,59,-202,-23,-4,
-2,-1,59,-198,-30,-2,
-2,-1,59,-200,-19,6,
-2,-1,59,-213,-28,4,
-2,-1,59,-213,-28,4,
-2,-1,59,-204,-40,9,
-2,-2,59,-238,-38,-3,
-2,-2,59,-238,-38,-3,
-2,-2,59,-215,-46,-2,
-2,-1,59,-191,-47,2,
-2,-1,59,-258,-56,6,
-2,-1,59,-258,-56,6,
0,-1,58,-155,-9,-7,
-2,-3,59,-267,-36,-2,
-3,0,59,-167,-50,-4,
-3,-2,59,-190,3,2,
-1,0,59,-191,-90,-3,
-3,-2,59,-171,-5,-2,
-3,-2,59,-171,-5,-2,
-1,0,59,-245,-35,6,
0,-1,59,-106,-104,-7,
0,-1,59,-106,-104,-7,
-3,-1,59,-238,23,9,
-1,-1,59,-176,-6,-2,
-1,-1,59,-176,-6,-2,
-3,-1,59,-196,-52,-2,
-2,-1,59,-197,-1,3,
-2,-1,59,-197,-1,3,
-2,-2,59,-209,-19,-8,
-2,-2,59,-174,-44,4,
-1,-3,59,-250,-23,0,
-1,-3,59,-250,-23,0,
-2,-2,59,-194,-18,0,
-3,-2,59,-190,-37,3,
-2,-1,59,-157,-69,4,
0,-1,58,-193,-6,-1,
0,-1,58,-193,-6,-1,
-4,-2,59,-211,32,-5,
-2,-1,59,-216,26,3,
-2,-1,59,-216,26,3,
-2,-2,59,-194,-41,-2,
-3,-2,59,-219,31,-4,
-3,-2,59,-219,31,-4,
-1,-1,59,-177,-44,-7,
-2,-1,59,-203,-50,7,
-2,-2,59,-215,-13,-8,
-2,0,59,-167,-73,-1,
-1,-1,59,-217,-85,0,
-3,-2,59,-260,-15,-4,
-3,-1,59,-224,-72,-1,
-5,0,59,-2,-23,2,
-2,5,58,13,-198,-12,
-2,0,59,112,-211,-6,
-2,0,59,112,-211,-6,
0,0,58,-142,-108,-4,
0,0,58,-143,-80,-11,
0,0,58,-143,-80,-11,
-2,-1,59,-261,20,0,
-1,0,59,-221,1,-1,
-1,0,59,-221,1,-1,
-3,-2,59,-296,61,-4,
-3,0,59,-228,10,2,
-3,0,59,-228,10,2,
-2,-2,59,-252,-4,-2,
-1,-1,59,-155,-36,-4,
-2,-2,59,-192,-30,-6,
-2,-1,59,-191,-40,-1,
-2,-1,59,-200,-12,-6,
-2,-1,59,-200,-12,-6,
-2,-1,59,-213,-42,-4,
-3,-1,59,-180,-30,-2,
-2,-2,59,-232,10,-5,
-1,-1,59,-175,-70,-2,
-1,-1,59,-175,-70,-2,
-3,-1,59,-229,17,-4,
-2,-1,59,-199,-16,-1,
-2,-1,59,-199,-16,-1,
-3,-1,59,-220,1,0,
-2,-1,59,-190,-39,-2,
-2,-1,59,-190,-39,-2,
-2,-1,59,-201,-36,-8,
-2,-1,59,-195,-12,-1,
-2,-1,59,-212,-17,-3,
-2,-2,59,-210,-26,1,
-2,-1,59,-201,-24,6,
-2,-1,59,-201,-24,6,
-2,-1,59,-210,-30,5,
-2,-1,59,-207,-24,-4,
-2,-1,59,-207,-24,-4,
-2,-1,59,-200,-37,-8,
-2,-1,59,-196,-23,-3,
-2,-1,59,-201,-22,1,
-2,-1,59,-213,-24,-3,
-1,-2,59,-184,-39,0,
-1,-2,59,-184,-39,0,
-3,-2,59,-111,62,8,
0,-1,58,-288,-6,-6,
0,-1,58,-288,-6,-6,
-4,-3,60,-233,36,9,
-3,-1,59,-121,-66,-4,
-2,-1,59,-193,-34,0,
-1,-1,59,-184,-51,0,
-2,-1,59,-193,-35,-1,
-2,-1,59,-225,-14,5,
-2,-1,59,-167,-48,-4,
-2,-1,59,-231,-2,4,
-2,-1,59,-186,-39,0,
-2,-1,59,-186,-39,0,
-2,-1,59,-217,-21,-2,
-2,-1,59,-200,-34,1,
-2,-1,59,-185,-30,-6,
-2,-1,59,-215,-34,1,
-2,-1,59,-215,-34,1,
-2,-1,59,-205,-26,-6,
-2,-1,59,-213,-21,-6,
-2,-1,59,-198,-19,0,
-2,-1,59,-203,-14,-6,
-2,-1,59,-212,-15,1,
-2,-1,59,-211,-23,-3,
-2,-1,59,-200,-24,-4,
-2,-1,59,-200,-24,-4,
-2,-1,59,-207,-30,-9,
-2,-1,59,-202,-25,-6,
-2,-1,59,-207,-15,-6,
-2,-1,59,-182,-35,-7,
-2,-1,59,-201,-20,-1,
-2,-1,59,-207,-20,-16,
-2,-1,59,-186,-21,-3,
-2,-1,59,-186,-21,-3,
-2,-1,59,-195,-30,-1,
-2,-1,59,-211,-22,-1,
-2,-1,59,-216,-24,-2,
-2,-1,59,-196,-20,6,
-2,-2,59,-210,-21,5,
-2,-2,59,-210,-21,5,
-3,2,59,-211,-92,-17,
-4,-13,59,-380,189,29,
-1,9,58,557,-445,-8,
-5,-11,60,-547,239,21,
0,6,58,374,-365,-19,
-6,-7,60,-407,111,-8,
-2,0,59,148,-209,-4,
-2,0,59,-431,128,0,
-3,-4,59,-262,-40,-1,
0,0,58,100,-219,-12,
-1,-2,59,-128,-74,-1,
-2,0,59,-140,-22,-4,
-2,-2,59,-256,-30,-5,
-2,0,59,-166,-19,-2,
-2,0,59,-166,-19,-2,
-1,-2,59,-236,-14,-1,
-2,-1,59,-193,-44,-5,
-2,-1,59,-193,-44,-5,
-2,-2,59,-219,-23,0,
0,-1,58,-72,-82,-3,
0,-1,58,-72,-82,-3,
-4,0,59,-219,33,-6,
-3,-1,59,-211,19,-1,
-1,-2,59,-201,-75,3,
-3,-1,59,-195,-16,3,
-3,-1,59,-195,-16,3,
-1,-1,59,-187,-50,-3,
-1,-1,59,-181,-57,-9,
-2,-1,59,-227,13,-4,
-3,-1,59,-225,-7,4,
-2,-1,59,-214,-12,0,
-2,-2,59,-189,-29,-3,
-2,-2,59,-189,-29,-3,
-2,-1,59,-196,-29,3,
-2,-1,59,-196,-29,3,
-2,-1,59,-189,-29,-4,
-2,-1,59,-245,-32,-1,
-2,-3,59,-176,-59,-1,
-1,-2,59,-344,51,-9,
-1,-2,59,-344,51,-9,
-4,-3,59,-117,-43,2,
-3,-1,59,-447,78,2,
-3,-1,59,-447,78,2,
-1,-4,59,-147,-90,4,
-3,0,59,-258,-10,-5,
-1,-2,59,-252,-37,2,
-3,-2,59,-218,-30,-9,
-2,-1,59,-205,0,-4,
-2,-1,59,-205,0,-4,
-3,-1,59,-218,-20,-4,
-2,-1,59,-167,-56,-2,
-1,-1,59,-177,-51,-7,
-1,-1,59,-177,-54,-6,
-1,-1,59,-177,-54,-6,
-1,-1,59,-181,-28,-2,
-2,-1,59,-192,-28,-5,
-2,-1,59,-192,-28,-5,
-2,-1,59,-186,-1,1,
-2,-1,59,-218,-8,0,
-2,-1,59,-218,-8,0,
-2,-1,59,-209,-25,-4,
-2,-1,59,-200,-38,-5,
-2,-1,59,-180,-36,-2,
-2,-1,59,-210,-20,0,
-2,-2,59,-221,-13,-4,
-2,-2,59,-221,-13,-4,
-2,-1,59,-214,-28,-1,
-2,-1,59,-214,-28,-1,
-2,-1,59,-200,-35,-3,
-2,-1,59,-198,-38,0,
-2,-2,59,-187,-23,-5,
-2,0,59,-177,-22,-2,
-2,0,59,-177,-22,-2,
-2,-1,59,-209,-15,3,
-2,-2,59,-189,-40,-2,
-2,-2,59,-189,-40,-2,
-2,-1,59,-171,-38,4,
-2,-2,59,-191,-34,-6,
-2,-1,59,-183,-45,-8,
-2,-1,59,-213,-16,-7,
-2,-1,59,-210,-13,-7,
-2,-1,59,-210,-13,-7,
-1,-2,59,-215,-19,-3,
-3,-1,59,-179,-27,-5,
0,-2,59,-235,-16,-4,
-2,0,59,-155,-89,-5,
-2,-3,59,-337,53,-4,
0,0,59,-151,-70,-3,
-3,-3,59,-243,14,-2,
-2,0,59,-244,-21,0,
-1,-3,59,-257,-22,1,
-3,-1,59,-237,-14,0,
-2,-2,59,-159,-25,-1,
-3,0,59,-118,-44,-2,
-1,-1,59,-226,-49,4,
-2,-2,59,-213,1,-1,
-2,-1,59,-177,-27,-2,
-3,-2,59,-213,-27,0,
-3,-2,59,-213,-27,0,
-1,0,59,-166,-41,3,
-2,-2,59,-229,-49,3,
-2,-2,59,-229,-49,3,
-2,-1,59,-186,-2,-7,
-1,-1,59,-186,-30,-2,
-3,-1,59,-194,-17,-1,
-2,-1,59,-237,-36,2,
-1,-2,59,-203,-50,-5,
-2,-1,59,-180,-7,2,
-2,-1,59,-180,-7,2,
-2,-1,59,-235,-18,0,
-2,-2,59,-214,-24,-1,
-2,-1,59,-224,-20,7,
-2,-2,59,-253,-9,12,
-2,-1,59,-219,-16,4,
-2,-1,59,-219,-16,4,
-2,-1,59,-168,-28,-3,
-2,-2,59,-204,-14,-9,
-2,-2,59,-223,-14,-2,
-2,-2,59,-189,-16,-2,
-2,-2,59,-224,-31,1,
-2,-2,59,-224,-31,1,
-2,-2,59,-192,-40,2,
-2,0,59,-190,-37,-2,
-2,-1,59,-198,-30,-2,
-2,-1,59,-198,-30,-2,
-2,-2,59,-207,-19,3,
-2,-2,59,-207,-19,3,
-2,-1,59,-182,-30,-1,
-2,-1,59,-208,-8,5,
-2,-1,59,-210,-47,0,
,
-2,-1,59,-210,-47,0,
-2,-1,59,-205,-29,11,
-2,-1,59,-205,-29,11,
-2,-1,59,-204,-18,-5,
-2,-1,59,-219,-15,-4,
-2,-1,59,-219,-15,-4,
-2,-2,59,-224,-31,-5,
-2,-1,59,-194,-35,-2,
-2,-1,59,-206,-39,0,
-1,-1,59,-193,-45,4,
-1,-1,59,-193,-45,4,
-1,-2,59,-209,-27,0,
-2,-2,59,-245,-7,-4,
-2,-2,59,-224,-18,3,
-1,-1,59,-157,-37,1,
-2,-2,59,-219,-21,-5,
-2,-2,59,-219,-21,-5,
-1,-1,59,-182,-31,0,
-2,-2,59,-210,-25,2,
-2,-1,59,-209,-27,-3,
-2,-2,59,-220,-26,0,
-2,-1,59,-184,-11,-5,
-2,-1,59,-172,-25,-4,
-2,-2,59,-226,-27,-9,
-2,-1,59,-172,-43,-4,
-2,-1,59,-172,-43,-4,
-2,-2,59,-214,-26,0,
-2,-1,59,-197,-29,3,
-2,-1,59,-197,-29,3,
-2,-2,59,-225,-22,-3,
-2,-2,59,-197,-31,-5,
-2,-1,59,-211,-21,-2,
-2,-1,59,-192,-26,-6,
-2,-2,59,-207,-33,-3,
-2,-2,59,-207,-33,-3,
-2,-1,59,-198,-28,-5,
-2,-1,59,-196,-26,-2,
-2,-1,59,-196,-26,-2,
-2,-1,59,-197,-15,-7,
-2,-1,59,-205,-7,-6,
-2,-1,59,-205,-7,-6,
-2,-1,59,-193,-32,0,
-2,-2,59,-204,-42,4,
-2,-2,59,-204,-42,4,
-2,-1,59,-198,-31,-7,
-2,-1,59,-184,-31,-5,
-2,-1,59,-214,-18,0,
-2,-2,59,-220,-14,-4,
-2,-2,59,-232,-14,-3,
-2,-2,59,-232,-14,-3,
-2,-2,59,-198,-28,-4,
-2,-1,59,-179,-40,0,
-2,-2,59,-196,-28,-3,
-2,-2,59,-196,-28,-3,
-2,-1,59,-172,-24,-9,
-2,-1,59,-200,-26,-1,
-2,-1,59,-200,-26,-1,
-2,-1,59,-197,-20,0,
-2,-1,59,-214,-28,-7,
-2,-1,59,-214,-28,-7,
-2,-1,59,-211,-22,-1,
-2,-2,59,-224,-26,0,
-2,-2,59,-224,-26,0,
-2,-1,59,-181,-47,3,
-2,-1,59,-204,-44,-3,
-2,-2,59,-243,8,-4,
-2,-2,59,-243,8,-4,
-1,-1,59,-163,-25,1,
-1,-1,59,-147,-46,0,
-1,-1,59,-147,-46,0,
-3,-1,59,-235,37,0,
-1,-1,59,-131,-65,-1,
-1,-1,59,-131,-65,-1,
-2,0,59,-173,-18,-3,
-2,-2,59,-228,-59,-1,
-1,-1,59,-171,-23,-9,
-2,-1,59,-184,2,-9,
-2,-2,59,-218,-13,-2,
-2,-2,59,-218,-13,-2,
-2,-1,59,-211,-10,-9,
-2,-1,59,-205,-27,-1,
-2,-1,59,-193,-37,5,
-2,-1,59,-201,-22,-2,
-2,-1,59,-200,-29,-5,
-2,-1,59,-218,-27,3,
-2,-1,59,-188,-31,0,
-2,-1,59,-188,-31,0,
-2,-1,59,-212,-17,-1,
-2,-1,59,-203,-24,-10,
-2,-1,59,-218,-27,-2,
-2,-1,59,-216,-31,0,
-2,-1,59,-215,-26,-2,
-1,-1,59,-290,3,-9,
-2,0,58,-43,-95,0,
-2,-2,59,-336,28,-1,
-2,-3,59,-227,-37,-1,
-2,0,59,-169,0,1,
-2,-1,59,-256,-48,0,
-1,-3,59,-238,-24,4,
-2,0,59,-179,-55,-9,
-2,0,59,-179,-55,-9,
-2,-2,59,-228,4,9,
-2,-1,59,-200,-32,-1,
-2,-1,59,-200,-32,-1,
-2,-2,59,-212,-22,-1,
-2,-1,59,-229,-11,0,
-2,-1,59,-229,-11,0,
-2,-2,59,-205,-22,-6,
-2,-1,59,-209,-31,-2,
-2,-1,59,-209,-31,-2,
-2,-2,59,-197,-29,3,
-2,-1,59,-201,-30,2,
-2,-1,59,-203,-34,-7,
-2,-1,59,-213,-18,1,
-2,-1,59,-201,-23,0,
-2,-2,59,-223,-23,-9,
-2,-1,59,-197,-25,5,
-2,-1,59,-202,-29,-7,
-2,-1,59,-197,-29,1,
-2,-1,59,-187,-26,-2,
-2,-1,59,-197,-28,-5,
-2,-1,59,-205,-26,-3,
-2,-1,59,-205,-26,-3,
-2,-2,59,-204,-25,-3,
-2,-1,59,-200,-28,-9,
-2,-1,59,-205,-23,-1,
-2,-1,59,-202,-31,6,
-2,-1,59,-202,-31,6,
-2,-1,59,-193,-34,2,
-2,-1,59,-202,-28,-6,
-2,-1,59,-195,-31,0,
-2,-1,59,-205,-28,-7,
-2,-1,59,-205,-28,-7,
-2,-1,59,-209,-19,0,
-2,-1,59,-206,-16,1,
-2,-1,59,-203,-21,-4,
-2,-1,59,-203,-21,-4,
-2,-2,59,-202,-34,-1,
-2,-1,59,-199,-29,3,
-2,-1,59,-199,-29,3,
-2,-1,59,-214,-22,4,
-2,-2,59,-219,-19,3,
-2,-2,59,-219,-19,3,
-2,-1,59,-206,-14,1,
-2,-1,59,-195,-16,-1,
-2,-1,59,-195,-16,-1,
-2,-1,59,-204,-24,-4,
-2,-1,59,-214,-37,0,
-2,-1,59,-214,-37,0,
-2,-1,59,-211,-37,1,
-2,-1,59,-204,-25,-3,
-2,-1,59,-196,-13,-10,
-2,-1,59,-215,-17,-1,
-1,-1,59,-186,-1,-2,
-3,-1,59,-163,-24,-3,
-1,0,59,-171,-31,0,
-2,-1,59,-206,-45,-6,
-3,-2,59,-238,10,3,
-3,-2,59,-238,10,3,
-1,-2,59,-158,-48,-3,
-2,-1,59,-227,-49,2,
-2,-1,59,-227,-49,2,
0,-1,59,-289,-12,-6,
-3,0,59,-74,-90,5,
-3,0,59,-74,-90,5,
-1,-1,59,-276,-1,-9,
-1,-1,59,-116,-87,4,
-1,-1,59,-116,-87,4,
-1,0,59,-195,-10,-2,
-2,-2,59,-217,-27,-3,
-2,-1,59,-228,-1,-3,
-1,-1,59,-189,-48,6,
-2,-1,59,-190,-21,-7,
-1,-1,59,-210,-28,-2,
-2,-1,59,-192,-34,-7,
-2,-1,59,-192,-34,-7,
-2,-1,59,-218,-21,-1,
-2,-1,59,-187,-40,3,
-2,-1,59,-187,-40,3,
-2,-1,59,-215,-22,-6,
-2,-1,59,-203,-27,-3,
-2,-1,59,-201,-20,-2,
-2,-1,59,-190,-31,-8,
-2,-1,59,-190,-31,-8,
-2,-1,59,-198,-32,4,
-2,-1,59,-207,-29,4,
-2,-1,59,-215,-23,2,
-2,-1,59,-215,-23,2,
-2,-1,59,-219,-16,-2,
-2,-1,59,-216,-30,0,
-2,-1,59,-216,-30,0,
-2,-2,59,-225,-26,-4,
-2,-1,59,-208,-22,-1,
-2,-1,59,-208,-22,-1,
-2,-1,59,-209,-18,-9,
-2,-1,59,-201,-23,-2,
-2,-1,59,-201,-23,-2,
-2,-1,59,-212,-22,-8,
-2,-1,59,-192,-7,-8,
-2,-1,59,-204,-26,5,
-2,-1,59,-220,-28,-10,
-2,-1,59,-195,-39,-2,
-2,-1,59,-222,-27,-1,
-2,-2,59,-194,-19,3,
-2,-1,59,-176,-24,-3,
-2,-1,59,-217,-23,5,
-2,-1,59,-217,-23,5,
-2,-1,59,-195,-36,-1,
-2,-1,59,-209,-35,-4,
-2,-1,59,-214,-29,-5,
-2,-1,59,-197,-19,-5,
-2,-1,59,-190,-18,-1,
-2,-1,59,-169,-34,-4,
-2,-1,59,-189,-31,3,
-2,-1,59,-204,-35,4,
-2,-1,59,-207,-31,5,
-2,-2,59,-223,-29,-9,
-2,-1,59,-200,-21,0,
-2,-1,59,-200,-21,0,
-2,-2,59,-205,-28,0,
-2,-1,59,-207,-34,-3,
-2,-1,59,-207,-34,-3,
-2,-1,59,-199,-30,-3,
-2,-1,59,-220,-26,-4,
-2,-1,59,-220,-26,-4,
-2,-1,59,-210,-39,-5,
-2,-1,59,-210,-16,-2,
-2,-1,59,-198,-28,-5,
-2,-1,59,-198,-25,-4,
-2,-1,59,-198,-25,-4,
-2,-1,59,-214,-19,-2,
-1,-2,59,-135,-4,-6,
-3,0,59,-140,32,3,
-2,-1,59,-210,0,-2,
-1,-1,59,-176,-63,8,
-2,-2,59,-227,2,0,
-1,-1,59,-164,-27,0,
-2,0,59,-170,-33,4,
-2,-1,59,-252,-11,0,
-2,-1,59,-272,-29,-3,
-2,0,59,-313,-93,-14,
-5,-6,60,-323,238,18,
0,5,58,37,-290,-7,
-7,-3,60,-197,16,5,
2,1,58,-128,-108,-7,
-1,-1,59,16,-214,-7,
-1,-1,59,16,-214,-7,
-1,0,58,-305,79,-9,
-3,-1,59,-10,-177,-1,
-3,-1,59,-10,-177,-1,
0,-1,59,-323,40,-13,
-4,-3,59,-317,84,0,
-3,-3,59,-338,68,-3,
-3,-4,59,-248,14,2,
-3,-3,59,-293,34,0,
-2,-2,59,-145,-55,5,
-2,-2,59,-274,24,1,
-2,-2,59,-274,24,1,
-3,-2,59,-181,-13,6,
-1,-1,59,-275,12,2,
-1,-1,59,-275,12,2,
-4,-3,59,-250,0,1,
-1,-1,59,-206,-12,-10,
-1,-1,59,-206,-12,-10,
-2,-2,59,-193,-47,5,
-3,-1,59,-229,19,3,
-2,-2,59,-189,-39,6,
-2,-1,59,-187,-22,-3,
-2,-2,59,-215,-23,0,
-2,-1,59,-192,-22,-1,
-2,-2,59,-194,-27,0,
-2,-1,59,-184,-23,3,
-2,-1,59,-218,-29,-3,
-2,-1,59,-201,-40,-2,
-2,-1,59,-201,-35,0,
-2,-1,59,-206,-21,-2,
-2,-1,59,-193,-19,-2,
-2,-1,59,-192,-22,-11,
-2,-1,59,-223,7,1,
-2,-1,59,-177,-31,-4,
-1,-1,59,-196,-10,3,
-3,-2,59,-225,-11,-8,
-1,-1,59,-160,-60,-4,
-1,-1,59,-160,-60,-4,
-1,-1,59,-248,-5,1,
-2,-1,59,-164,-34,-3,
-2,-1,59,-219,-22,-5,
-2,-1,59,-177,-29,0,
-2,-1,59,-177,-29,0,
-2,-1,59,-227,-22,-5,
-2,-1,59,-181,-22,2,
-2,-1,59,-209,-21,-2,
-2,-2,59,-223,-24,1,
-2,-2,59,-223,-24,1,
-2,-2,59,-217,-8,-3,
-2,-1,59,-193,-22,2,
-2,-1,59,-193,-22,2,
-2,-1,59,-186,-28,4,
-2,-1,59,-204,-25,5,
-2,-1,59,-216,-21,-2,
-2,-1,59,-216,-21,-2,
-2,-1,59,-218,-16,0,
-2,-1,59,-231,-22,-9,
-2,-1,59,-231,-22,-9,
-2,-2,59,-193,-38,-3,
-2,-1,59,-199,-28,0,
-1,-1,59,-189,-27,-6,
-2,-1,59,-196,-21,-8,
-2,-1,59,-196,-21,-8,
-2,-1,59,-210,-24,-1,
-2,-2,59,-219,-16,-3,
-2,-1,59,-197,-25,-3,
-2,-1,59,-221,-40,-1,
-2,-1,59,-216,-21,3,
-2,-1,59,-203,-30,-1,
-2,-1,59,-177,-32,-7,
-2,-1,59,-177,-32,-7,
-2,-1,59,-188,-41,0,
-2,-1,59,-195,-30,-4,
-2,-1,59,-195,-30,-4,
-2,-1,59,-204,-20,2,
-2,-1,59,-215,-26,-1,
-2,-1,59,-215,-26,-1,
-2,-1,59,-210,-15,-3,
-2,-1,59,-203,-27,-5,
-2,-1,59,-188,-37,1,
-2,-1,59,-206,-18,-2,
-2,-1,59,-206,-18,-2,
-2,-1,59,-202,-33,-9,
-2,-1,59,-218,-21,-6,
-3,-2,59,-223,-24,3,
0,-1,58,-125,-84,-4,
-4,-1,59,-228,62,9,
-1,-1,59,-156,-18,-1,
-3,0,59,-164,2,-1,
-2,-1,59,-150,-30,0,
-2,-1,59,-150,-30,0,
-1,0,59,-142,-42,-5,
-1,-2,59,-167,-50,4,
-1,-2,59,-167,-50,4,
-1,0,59,-163,-41,-3,
-2,-2,59,-175,-20,3,
-2,-2,59,-175,-20,3,
-2,-1,59,-158,-11,0,
-2,-1,59,-166,2,-5,
-2,-1,59,-166,2,-5,
-3,-1,59,-151,-27,2,
-3,-3,59,-220,45,11,
-3,-3,59,-220,45,11,
-3,-1,59,-94,-46,-1,
-1,0,59,-146,-11,-1,
-1,-1,59,-153,-55,-11,
-3,-1,59,-236,10,-4,
-1,-1,59,-184,-15,0,
-2,-1,59,-189,-22,-3,
-3,-1,59,-217,-14,-1,
-3,-1,59,-217,-14,-1,
-1,-1,59,-243,-63,-6,
-2,-1,59,-90,-47,-4,
-2,0,59,-188,-32,4,
-2,-2,59,-222,-24,0,
-2,-2,59,-222,-24,0,
-2,-2,59,-201,-24,-6,
-2,-1,59,-198,-26,-2,
-2,-1,59,-220,-29,-6,
-2,-1,59,-220,-29,-6,
-2,-1,59,-226,-37,-3,
-2,-2,59,-220,-21,0,

