-50,8,10,-5559,324,-6640,
-65,30,-8,7235,249,-2200,
-65,30,-8,7235,249,-2200,
-81,2,-1,-4444,-90,-490,
-81,2,-1,-4444,-90,-490,
-79,-5,-1,-4836,-146,-1365,
-74,-12,-3,-3997,65,-3792,
-75,-15,1,-2132,1712,-8849,
-75,-15,1,-2132,1712,-8849,
-81,6,-1,3771,1982,-11229,
-81,6,-1,3771,1982,-11229,
-75,13,-2,506,1895,-9396,
-75,13,-2,506,1895,-9396,
-63,13,-1,-1539,1598,-6008,
-63,13,-1,-1539,1598,-6008,
-55,12,-1,-1307,1333,-2954,
-48,8,-4,-1454,924,1433,
-47,9,-7,-833,764,4081,
-45,5,-1,-691,566,7683,
-50,9,-3,1865,113,9241,
-54,18,-6,961,-297,12447,
-54,18,-6,961,-297,12447,
-64,14,0,-1692,-1519,14341,
-87,13,-5,738,-2045,15514,
-98,12,-4,1746,-3356,15450,
-127,14,-17,14070,-2157,1638,
-53,30,-8,6285,1991,-5432,
-48,30,13,-3549,2306,-7841,
-48,30,13,-3549,2306,-7841,
-63,-5,0,-370,839,-8070,
-72,19,-3,9273,311,-6055,
-71,5,-8,-3081,-451,-3873,
-71,5,-8,-3081,-451,-3873,
-68,-9,-3,-4428,-1447,-6115,
-68,-9,-3,-4428,-1447,-6115,
-70,-14,-3,-2648,-820,-8274,
-72,-22,-1,-2473,-652,-9601,
-75,-33,-1,28,483,-12247,
-85,-25,0,2057,1440,-14745,
-99,-16,-1,4985,2497,-15488,
-99,-16,-1,4985,2497,-15488,
-83,-9,-1,4498,1311,-12391,
-63,2,-3,-777,1398,-7689,
-63,2,-3,-777,1398,-7689,
-51,0,-1,-4076,1197,-5537,
-48,0,-1,-3678,1307,-4042,
-41,7,-4,122,1105,3569,
-40,8,-6,236,810,5653,
-50,4,-6,-802,178,11888,
-55,6,-8,-180,201,13396,
-68,6,-4,-2206,-100,17738,
-92,4,-7,-1048,-64,20389,
-107,0,-3,-3037,-2206,22254,
-48,-128,25,-26064,200,726,
-74,60,-39,20067,2167,1131,
-52,24,-5,17378,1814,-5753,
-52,24,-5,17378,1814,-5753,
-56,22,5,4828,-805,-9675,
-67,-6,-12,-1749,-1154,-9863,
-67,-6,-12,-1749,-1154,-9863,
-63,1,-7,-2316,-822,-8222,
-63,1,-7,-2316,-822,-8222,
-78,-9,0,-1809,-724,-10727,
-81,-13,1,-2432,-243,-12126,
-93,-20,1,1076,2429,-14481,
-90,-15,0,2846,2424,-14058,
-72,-1,-2,1495,1542,-9675,
-68,1,-1,99,1430,-8210,
-53,2,0,-1515,515,-317,
-53,2,0,-1515,515,-317,
-49,2,-1,-1383,279,1901,
-36,0,-5,-1890,-895,7629,
-36,0,-5,-1890,-895,7629,
-34,-4,-6,-1390,-1019,8515,
-42,0,-6,1066,-942,10006,
-64,10,-1,2112,-1147,12930,
-64,10,-1,2112,-1147,12930,
-86,12,-1,2951,-1470,15971,
-93,11,-1,1930,-1585,17915,
-110,-7,-3,-1742,-3296,22909,
-30,-38,21,12855,192,10311,
-45,-25,10,2579,460,-4062,
-45,19,-2,10739,483,-6097,
-64,11,0,535,-13,-8998,
-64,11,0,535,-13,-8998,
-66,1,-3,-432,98,-9472,
-71,-14,-4,-3564,-688,-11628,
-71,-14,-4,-3564,-688,-11628,
-74,-15,-1,-1790,-1256,-12953,
-83,-13,1,80,-45,-14968,
-84,-20,4,-1834,1194,-17572,
-84,7,-2,2547,954,-9054,
,
-84,7,-2,2547,954,-9054,
-62,0,-2,-2665,1284,-196,
-53,5,-4,-3482,681,3498,
-46,-4,-4,-2941,752,8440,
-46,-4,-4,-2941,752,8440,
-43,-1,-5,-1040,245,10657,
-41,-1,-6,473,-185,13139,
-50,4,-3,2716,-778,14630,
-76,14,-3,737,-1010,17327,
-123,-11,-5,-3724,-3609,22056,
-105,-10,-39,-18502,-5961,4966,
-42,-128,16,-28560,1606,771,
-46,-17,7,1160,1209,-3286,
-61,25,5,1721,1306,-8944,
-61,25,5,1721,1306,-8944,
-72,3,-10,-1039,299,-7857,
-80,19,-2,4476,-504,-5752,
-94,15,-2,-1385,-137,-4263,
-85,9,-1,-2649,-495,-3681,
-85,9,-1,-2649,-495,-3681,
-80,5,-4,-2847,-142,-2982,
-67,7,-4,-1173,548,-1915,
-67,7,-4,-1173,548,-1915,
-58,6,-2,-1632,414,-1894,
-51,2,-3,-1589,477,-1508,
-51,2,-3,-1589,477,-1508,
-43,5,-1,-670,510,-474,
-39,3,-2,-200,785,263,
-40,9,-6,1028,782,3895,
-40,9,-6,1028,782,3895,
-41,10,-5,167,797,4551,
-49,17,-4,1651,215,7521,
-49,17,-4,1651,215,7521,
-55,15,-5,520,-139,10729,
-55,15,-5,520,-139,10729,
-122,107,2,-1261,-4918,15873,
-122,107,2,-1261,-4918,15873,
-66,32,-7,5524,1779,-2671,
-39,60,-1,4027,1597,-200,
-47,17,5,-1222,1869,916,
-73,-6,-9,4247,-70,130,
-59,22,1,1845,519,-1595,
-50,15,-2,2350,233,-2412,
-58,18,-3,238,1128,-3030,
-67,16,0,-353,957,-3455,
-66,10,-1,-813,1470,-3820,
-64,1,-3,-337,1497,-5366,
-69,-14,-3,-4266,913,-11383,
-69,-14,-3,-4266,913,-11383,
-73,-15,-2,-3504,830,-12717,
-102,-7,0,3124,1789,-15635,
-111,0,0,5756,1905,-15207,
-80,11,-4,2960,548,-7998,
-73,12,-5,511,829,-6089,
-60,10,-4,-3862,450,-3395,
-47,2,-3,-3785,167,344,
-42,2,-5,-1960,-362,2742,
-39,0,-9,-858,-827,5520,
-41,1,-9,-378,-576,7154,
-52,7,-4,1524,-952,9220,
-61,11,-5,2595,-892,11053,
-67,14,-5,2068,-738,12132,
-92,2,-1,-941,-2239,15169,
-111,-1,-1,3135,-4496,15247,
-111,-1,-1,3135,-4496,15247,
-85,-92,-26,-22211,-1254,-2159,
-61,6,-5,-2341,2860,-1560,
-43,20,6,9909,974,-4064,
-43,34,4,9419,421,-5614,
-70,0,-3,-1113,504,-2950,
-70,0,-3,-1113,504,-2950,
-74,8,0,683,1069,-2949,
-68,21,-2,-2828,321,418,
-68,21,-2,-2828,321,418,
-62,7,-3,414,331,377,
-62,7,-3,414,331,377,
-63,5,-5,-331,436,-326,
-61,0,-5,-5254,124,-2711,
-61,0,-5,-5254,124,-2711,
-64,-9,-3,-5301,756,-4997,
-72,-9,0,-1301,621,-7825,
-91,-1,3,4538,1606,-10438,
-91,-1,3,4538,1606,-10438,
-97,4,-2,5170,1250,-10338,
-85,10,-6,1822,-238,-7452,
-80,12,-5,-53,-145,-6086,
-69,13,-5,-3208,262,-3899,
-58,9,-3,-4842,451,-1818,
-53,7,-2,-3945,684,-638,
-37,4,-8,-1413,164,3402,
-35,5,-9,-1617,26,4083,
-42,10,-6,830,35,7625,
-42,10,-6,830,35,7625,
-46,16,-3,933,-415,8390,
-65,20,-6,1270,-1199,12434,
-77,20,-5,14,-1408,13232,
-114,13,0,-315,-3837,14140,
-114,13,0,-315,-3837,14140,
-121,41,-28,-4210,-5093,14612,
-51,1,6,649,1302,-4085,
-51,1,6,649,1302,-4085,
-48,40,5,2990,843,-5327,
-68,27,-1,3531,1602,-148,
-73,25,-1,-3233,2,2899,
-73,25,-1,-3233,2,2899,
-66,13,-1,-2917,-619,3127,
-60,4,-8,-2728,271,2576,
-61,6,0,2818,-285,-581,
-62,11,-4,1269,409,-3169,
-62,11,-4,1269,409,-3169,
-65,20,-4,1602,331,-2831,
-63,7,-1,-2893,396,-4117,
-63,7,-1,-2893,396,-4117,
-66,6,0,-2711,768,-4706,
-88,11,-1,79,-25,-5778,
-86,12,-3,-17,-16,-5626,
-77,11,-2,-1418,-230,-5113,
-67,11,-3,-2044,-706,-4692,
-67,11,-3,-2044,-706,-4692,
-63,12,-8,-2981,671,-1748,
-63,12,-8,-2981,671,-1748,
-50,4,-8,-2584,1313,942,
-38,1,-3,-26,1606,2239,
-38,2,-2,1303,1430,2581,
-42,4,-4,3178,808,2989,
-48,16,-6,2474,446,3268,
-62,17,-1,2575,-2133,9235,
-62,17,-1,2575,-2133,9235,
-101,41,-9,3891,-2724,12155,
-97,-69,-18,-28684,-9372,-2396,
-58,23,-6,11307,173,-7087,
-49,51,8,-1022,-187,-5719,
-69,-12,4,2247,257,-9903,
-69,-12,4,2247,257,-9903,
-90,29,-8,4273,165,-5466,
-68,2,-7,-2229,-1558,-3236,
-68,2,-7,-2229,-1558,-3236,
-62,-1,-4,-2517,36,-4251,
-62,-1,-4,-2517,36,-4251,
-63,-1,-2,-1168,508,-5057,
-68,1,-3,1019,339,-5131,
-68,1,-3,1019,339,-5131,
-68,6,-7,645,-167,-4158,
-69,4,-6,-1725,87,-2597,
-58,2,1,-2074,711,-628,
-58,2,1,-2074,711,-628,
-55,4,-3,382,820,732,
-53,4,-4,-1074,639,2318,
-50,2,-3,-1311,452,3041,
-49,1,-4,333,-158,5488,
-52,3,-5,870,-98,5805,
-52,5,-3,2554,-419,6959,
-52,5,-3,2554,-419,6959,
-53,16,-4,1897,-316,7871,
-67,14,-2,2721,-449,8811,
-67,14,-2,2721,-449,8811,
-117,66,8,-3410,-590,10953,
-124,14,-31,-15653,-5212,7959,
-73,15,-5,7487,1436,-2058,
-73,15,-5,7487,1436,-2058,
-51,43,0,2453,96,-3911,
-49,27,-1,23,-19,-4575,
-49,27,-1,23,-19,-4575,
-51,6,0,1074,-806,-4454,
-67,29,-2,61,-484,-1230,
-69,7,-2,-3187,-1595,-451,
-69,7,-2,-3187,-1595,-451,
-72,-3,-4,-4020,-1186,-1456,
-70,-19,-5,-827,-921,-7195,
-70,-19,-5,-827,-921,-7195,
-85,-14,-1,481,237,-10898,
-97,4,0,4044,1850,-13491,
-93,8,-1,4184,1631,-12875,
-65,11,-8,-3103,3000,-5620,
-65,11,-8,-3103,3000,-5620,
-60,11,-6,-6401,2018,-1580,
-56,5,-1,-6968,2025,-696,
-50,0,-5,-1695,1969,4227,
-50,0,-5,-1695,1969,4227,
-44,2,-7,-1932,1582,5144,
-37,-5,-7,-3351,985,5871,
-40,0,-7,319,350,7373,
-42,2,-3,926,-74,7756,
-62,8,-7,3023,-2540,8251,
-62,8,-7,3023,-2540,8251,
-71,7,-6,5900,-4245,9644,
-93,20,-4,5916,-3457,8813,
-114,7,-4,-3216,-3172,7940,
-82,-2,-2,-4116,-1365,6649,
-82,-2,-2,-4116,-1365,6649,
-59,12,-6,-1698,-688,-3922,
-59,12,-6,-1698,-688,-3922,
-73,5,0,-2355,-739,-4707,
-73,5,0,-2355,-739,-4707,
-79,2,1,-1755,-489,-5367,
-88,8,0,1388,-1177,-7804,
-88,8,0,1388,-1177,-7804,
-85,9,-6,-383,-503,-8106,
-74,11,-8,-3854,1933,-5417,
-61,15,-7,-3638,2136,-2655,
-39,3,-1,475,1627,2141,
-35,1,-4,1154,496,5579,
-48,7,-6,2072,411,6222,
-48,7,-6,2072,411,6222,
-73,12,-3,4078,-759,7203,
-85,17,0,4037,-2201,8543,
-85,17,0,4037,-2201,8543,
-96,17,-5,-6781,-1981,7775,
-59,15,0,10073,1282,2205,
-56,32,-8,1010,-549,-2363,
-65,26,-2,-2015,-1203,185,
-65,26,-2,-2015,-1203,185,
-65,23,-2,-2036,-888,278,
-66,15,-3,-1021,386,100,
-66,15,-3,-1021,386,100,
-66,13,-2,1371,43,-710,
-61,15,-3,-193,-217,-2049,
-61,15,-3,-193,-217,-2049,
-62,14,1,-941,531,-3191,
-62,14,1,-941,531,-3191,
-62,14,1,-941,531,-3191,
-63,13,-1,-850,368,-3706,
-64,11,-3,228,-421,-3761,
-67,10,-6,877,-756,-3076,
-67,10,-6,877,-756,-3076,
-86,1,-3,-2172,1837,-3943,
-87,1,-4,-827,2127,-4530,
-82,3,-5,-514,2874,-6615,
-82,3,-5,-514,2874,-6615,
-84,6,-5,-159,2748,-6696,
-53,13,-6,-2304,-684,-6478,
-22,-1,2,1827,-461,-2833,
-18,4,0,5159,-1567,-1625,
-41,14,-9,864,-718,2965,
-36,9,-6,-352,-1327,3796,
-54,9,-4,3933,-789,6108,
-67,20,0,7030,-267,8119,
-106,20,-7,5252,762,10587,
-117,9,-9,-10538,1565,12356,
-92,-6,-5,-13403,1464,14283,
-63,-7,-12,-5729,2799,4636,
-47,9,0,16426,2059,3204,
-65,26,-15,5937,-743,-3528,
-65,26,-15,5937,-743,-3528,
-70,19,-7,-395,-2156,-5521,
-70,14,0,-2360,-726,-5137,
-62,13,-4,2544,-330,-4139,
-62,13,-4,2544,-330,-4139,
-64,11,-5,1759,-462,-3996,
-71,8,-4,-493,-747,-3745,
-81,4,0,-1559,-1593,-3693,
-79,3,0,-854,-1733,-4253,
-84,3,-4,85,-1361,-4253,
-76,4,-3,-589,-890,-4300,
-59,7,-7,-2318,-435,-3587,
-41,0,-2,-3254,-481,-2245,
-31,0,0,967,-139,-915,
-37,10,-5,2482,454,1393,
-37,10,-5,2482,454,1393,
-46,9,-3,732,1025,2830,
-53,18,0,2612,181,6356,
-60,19,0,2581,587,9402,
-60,18,0,2910,806,11085,
-95,17,1,-1529,561,13422,
-95,17,1,-1529,561,13422,
-106,16,0,-3648,294,13536,
-65,-114,32,-11566,-592,-4593,
-59,11,-1,15296,3846,4596,
-49,0,6,793,1905,-4133,
-47,22,-7,8148,-179,-7210,
-73,9,-1,-2065,-2853,-8548,
-73,9,-1,-2065,-2853,-8548,
-77,19,-2,-799,-1059,-5805,
-65,19,-2,317,-666,-3302,
-65,19,-2,317,-666,-3302,
-60,15,-3,507,-233,-1465,
-65,8,-2,-1278,-281,-236,
-69,1,0,-2743,-685,-313,
-76,-3,1,-2235,-1078,-1168,
-78,0,0,-180,-917,-2982,
-80,0,1,-224,-403,-4179,
-83,6,0,-124,-275,-5199,
-78,6,0,-1067,-571,-5287,
-60,4,-3,-2669,-1628,-3685,
-55,5,-3,-2467,-1540,-3254,
-33,0,-1,1454,-885,-374,
-34,4,0,1950,-868,365,
-58,10,5,4350,-756,3881,
-58,10,5,4350,-756,3881,
-62,18,3,3612,-432,7703,
-85,18,-1,1172,3169,12428,
-95,9,0,-1756,1889,12470,
-95,9,0,-1756,1889,12470,
-59,7,9,5171,1764,-3311,
-59,7,9,5171,1764,-3311,
-61,14,-9,1116,-545,-6972,
-61,14,-9,1116,-545,-6972,
-61,0,-1,570,-2223,-7454,
-68,16,0,-2726,-2428,-4231,
-68,16,0,-2726,-2428,-4231,
-61,10,0,-648,144,-529,
-61,10,0,-648,144,-529,
-62,8,0,-661,1104,74,
-64,7,0,-1017,1117,38,
-71,1,1,-1984,1150,-341,
-79,-2,3,-349,388,-1822,
-84,0,4,-1015,391,-4788,
-84,0,4,-1015,391,-4788,
-77,2,2,-1745,220,-5344,
-62,4,-5,-1488,-658,-4800,
-62,4,-5,-1488,-658,-4800,
-58,8,-4,-2886,-902,-4024,
-53,6,0,-3695,-901,-2639,
-47,3,4,-133,-688,-283,
-41,5,-2,667,-941,2411,
-41,5,-2,667,-941,2411,
-38,0,1,-195,-704,3858,
-58,14,3,3946,-50,6991,
-58,14,3,3946,-50,6991,
-69,13,-1,798,221,10591,
-78,9,6,2674,803,13022,
-78,9,6,2674,803,13022,
-95,30,0,3982,1291,13420,
-76,-93,-11,-30137,2,-1334,
-87,-83,28,-11441,5063,-213,
-44,59,1,6105,643,-6327,
-47,24,0,-512,1250,-5189,
-60,27,0,4049,-2261,-3930,
-60,27,0,4049,-2261,-3930,
-70,28,0,-1465,-2958,-2233,
-70,22,1,-710,-3063,-469,
-69,20,1,-642,-2307,465,
-60,8,0,-260,352,1426,
-59,11,0,545,757,1318,
-65,7,2,-1520,1451,-176,
-72,2,3,-1546,1148,-2625,
-72,2,3,-1546,1148,-2625,
-80,3,2,693,616,-5437,
-80,3,2,693,616,-5437,
-81,8,0,-171,543,-7121,
-81,8,0,-171,543,-7121,
-79,9,0,-895,659,-6676,
-79,9,0,-895,659,-6676,
-65,12,-5,-2782,761,-3945,
-65,12,-5,-2782,761,-3945,
-57,10,-2,-4079,455,-3757,
-33,-3,1,-2170,1316,-1496,
-33,-3,1,-2170,1316,-1496,
-31,-1,0,437,1286,-915,
-43,7,0,3088,362,963,
-50,12,-1,3193,122,1863,
-44,13,0,3660,-1135,4069,
-86,22,3,1988,-9,11881,
-86,22,3,1988,-9,11881,
-119,14,-5,-2033,-411,12649,
-87,21,-33,-17246,3561,6339,
-43,10,7,5309,1431,-3506,
-61,15,-16,9053,-479,-7237,
-71,19,-10,2449,-1749,-6485,
-76,14,-2,-2335,-1335,-5673,
-64,16,0,387,-223,-3005,
-64,16,0,387,-223,-3005,
-60,16,-4,2597,389,-1027,
-61,17,-5,1615,448,-515,
-67,9,-2,-2479,172,808,
-67,6,-2,-2444,180,1106,
-66,3,-2,-2206,136,1007,
-69,-1,-1,-1009,-237,-2599,
-76,-2,0,451,-681,-4654,
-87,-3,-3,2512,-1626,-6328,
-73,7,0,1668,-1862,-6758,
-60,7,-8,-1640,-547,-5378,
-60,7,-8,-1640,-547,-5378,
-50,8,-7,-3050,-1208,-3967,
-48,8,1,-4589,-1198,-371,
-48,8,1,-4589,-1198,-371,
-47,7,2,-991,-685,2520,
-50,2,-2,-767,-265,7662,
-50,2,-2,-767,-265,7662,
-50,2,-2,-343,-5,8348,
-51,7,0,1374,-549,8945,
-51,7,0,1374,-549,8945,
-89,10,-2,5628,694,10004,
-102,12,-3,2696,1010,9464,
-102,12,-3,2696,1010,9464,
-77,-115,9,-21501,3049,-6025,
-77,-115,9,-21501,3049,-6025,
-47,18,1,4164,2676,-6109,
-59,22,-10,10911,-1209,-8139,
-75,14,0,-2782,-1773,-5349,
-75,14,0,-2782,-1773,-5349,
-71,19,0,-1029,-2345,-3398,
-63,12,-3,-319,-1220,-607,
-63,12,-3,-319,-1220,-607,
-61,11,-8,-508,146,506,
-64,7,-2,-849,267,323,
-67,6,-1,-1048,893,614,
-67,6,-1,-1048,893,614,
-67,5,-1,-1068,1032,813,
-65,2,-1,-749,977,538,
-65,2,-1,-837,848,141,
-68,1,0,-539,430,-1699,
-68,1,0,-539,430,-1699,
-68,0,0,-407,393,-2094,
-68,0,0,112,164,-2798,
-66,-2,0,-471,-469,-4382,
-66,-2,0,-471,-469,-4382,
-81,2,0,-291,-61,-4843,
-85,4,0,-1014,344,-4454,
-85,5,-2,-1276,473,-3235,
-79,5,-2,-1659,191,-2518,
-70,4,-4,-2782,-129,-1179,
-56,4,-4,-5097,-948,172,
-56,4,-4,-5097,-948,172,
-46,0,-2,-5502,-1139,760,
-38,2,-1,134,-1466,2372,
-37,2,-3,1307,-1814,4109,
-41,16,-4,3605,250,4786,
-41,16,-4,3605,250,4786,
-46,19,-4,2514,-868,7872,
-70,21,-3,2568,1494,12787,
-70,21,-3,2568,1494,12787,
-112,-29,-44,-27967,376,5434,
-64,-128,43,-25764,3873,-8210,
-39,31,3,6395,1210,-7274,
-39,31,3,6395,1210,-7274,
-44,29,1,3972,2078,-8123,
-73,20,-3,-2426,-3292,-3500,
-73,20,-3,-2426,-3292,-3500,
-66,16,-1,-776,-2002,-126,
-66,16,-1,-776,-2002,-126,
-63,10,-2,310,-443,1675,
-62,7,-3,-265,480,2104,
-62,7,-3,-265,480,2104,
-63,9,-2,-110,793,2129,
-66,2,0,-1269,1308,1970,
-66,2,0,-1269,1308,1970,
-66,1,0,-553,1433,1022,
-65,0,0,122,1285,-1167,
-70,-3,1,489,944,-2986,
-83,0,1,2076,337,-5307,
-83,0,1,2076,337,-5307,
-78,9,-2,2037,482,-6286,
-78,9,-2,2037,482,-6286,
-71,11,-3,-580,329,-4829,
-68,9,-2,-2220,406,-3995,
-49,9,-4,-5227,-524,-95,
-49,9,-4,-5227,-524,-95,
-37,1,0,-2918,-700,2518,
-33,1,0,548,-1066,3799,
-42,11,0,3517,-1069,5039,
-48,15,-6,3519,-1463,6994,
-77,20,2,2021,-918,11019,
-77,20,2,2021,-918,11019,
-100,15,1,1143,-1443,11826,
-111,61,-19,-8805,1392,8422,
-111,61,-19,-8805,1392,8422,
-64,-85,36,-7299,-840,-1439,
-44,18,1,2160,3597,-5053,
-53,12,-9,8063,1269,-7675,
-58,17,-8,9195,-821,-8599,
-77,10,0,-1469,-1281,-5434,
-77,10,0,-1469,-1281,-5434,
-75,19,0,102,-1698,-4428,
-60,11,0,1181,-50,-318,
-60,11,0,1181,-50,-318,
-64,7,-3,-1516,-98,355,
-64,7,-3,-1516,-98,355,
-66,5,-3,-2432,-28,522,
-74,-3,1,-781,440,-844,
-76,-3,2,77,435,-2341,
-81,-3,2,302,116,-3721,
-83,7,0,528,-593,-5308,
-83,7,0,528,-593,-5308,
-70,6,-1,-887,-810,-4231,
-58,10,-7,-1599,-496,-1816,
-58,10,-7,-1599,-496,-1816,
-32,0,2,-4767,-539,1455,
-37,-4,-1,-72,926,3902,
-26,27,-4,4098,-5048,6899,
-26,27,-4,4098,-5048,6899,
-59,7,-7,-4948,3471,5105,
-53,12,-3,-4551,338,7611,
-75,-2,4,-2448,-1285,7303,
-77,-4,6,2964,-1806,6529,
-99,5,-2,2931,-122,3372,
-92,4,2,-524,557,2830,
-57,-1,2,2701,2018,-3650,
-56,15,-4,6761,-423,-5764,
-68,23,-3,720,-2032,-4385,
-68,23,-3,720,-2032,-4385,
-73,23,-4,-427,-1683,-2934,
-64,19,-3,-640,177,316,
-64,19,-3,-640,177,316,
-64,21,-2,756,976,1810,
-65,23,-1,-1244,1301,5136,
-65,23,-1,-1244,1301,5136,
-64,18,1,-3462,812,7089,
-64,15,2,-1141,-208,8900,
-64,15,2,-1141,-208,8900,
-62,-31,-19,-8070,-5201,3394,
-68,22,-1,5840,-604,-1253,
-68,22,-1,5840,-604,-1253,
-55,51,-12,2237,140,-2990,
-60,15,11,-1544,-909,-2267,
-67,30,-8,4038,297,-518,
-66,26,-7,1193,248,-267,
-62,11,0,-2111,748,-82,
-62,11,0,-2111,748,-82,
-61,9,-2,-1726,607,-454,
-64,5,-5,-969,32,-1967,
-64,5,-5,-969,32,-1967,
-66,2,-3,-896,210,-3393,
-75,5,0,-1260,768,-5938,
-75,5,0,-1260,768,-5938,
-81,8,0,-1257,1127,-7205,
-85,8,0,-654,1710,-7912,
-85,8,0,-654,1710,-7912,
-74,12,0,-203,944,-5521,
-69,12,-3,-43,1203,-4563,
-58,13,-4,-1176,839,-2772,
-40,10,-5,-2363,704,-133,
-29,10,-7,-1339,135,1895,
-24,10,-6,-851,-159,2887,
-25,11,-3,1264,-816,5020,
-31,16,0,3262,-1343,7030,
-64,23,-1,4275,-1589,10268,
-64,23,-1,4275,-1589,10268,
-99,14,-1,191,-640,12624,
-69,-128,22,-18577,-275,-10698,
-78,-10,-7,9990,4054,6575,
-45,42,0,-3970,1054,-5471,
-45,42,0,-3970,1054,-5471,
-67,27,-5,-869,-28,-660,
-67,27,-5,-869,-28,-660,
-70,27,-4,-747,-552,251,
-72,15,-4,-1416,-921,2015,
-72,15,-4,-1416,-921,2015,
-67,10,-5,-1117,-249,2387,
-63,7,-2,-387,94,1731,
-60,7,-2,874,518,-265,
-62,7,-2,208,777,-1321,
-65,8,0,-845,948,-2893,
-67,6,0,-896,908,-3809,
-76,6,0,-446,496,-5236,
-76,6,0,-446,496,-5236,
-84,8,0,525,0,-6156,
-84,11,0,792,-880,-6405,
-84,11,0,792,-880,-6405,
-61,13,-6,-742,-1268,-2746,
-61,13,-6,-742,-1268,-2746,
-50,12,-8,-2790,-475,-418,
-39,10,-6,-2985,-168,986,
-32,8,-5,-539,-197,3540,
-32,8,-5,-539,-197,3540,
-42,13,-1,3286,-403,5338,
-42,13,-1,3286,-403,5338,
-51,14,-1,3408,-652,6653,
-74,11,0,1413,-754,9043,
-94,18,-4,3079,494,10353,
-118,46,-16,-8626,494,6795,
-118,46,-16,-8626,494,6795,
-48,26,0,2371,1133,-5888,
-55,18,-4,3236,1030,-7356,
-55,18,-4,3236,1030,-7356,
-67,19,-4,2729,-433,-5492,
-72,20,-4,-193,-598,-3725,
-68,19,-4,-525,-841,-938,
-63,14,-4,-369,-207,617,
-61,11,-5,-541,367,1617,
-61,11,-5,-541,367,1617,
-65,3,-4,-2642,873,1018,
-66,-1,-3,-2293,1172,-963,
-66,-1,-3,-2293,1172,-963,
-79,-1,0,2226,1000,-6521,
-79,-1,0,2226,1000,-6521,
-95,4,0,4437,171,-8190,
-70,12,-5,-990,-1025,-4474,
-48,11,-9,-2871,-419,-26,
-48,11,-9,-2871,-419,-26,
-33,6,-10,-5054,-1063,2560,
-37,9,0,4310,-1441,5400,
-86,13,-6,2374,-1367,9529,
-109,-5,-9,-1272,-1433,9301,
-109,-5,-9,-1272,-1433,9301,
-94,11,1,-3026,-302,6546,
-75,-57,6,-17447,4083,-5779,
-46,-10,4,1910,3380,-10076,
-71,-5,-7,16765,1826,-14305,
-71,-5,-7,16765,1826,-14305,
-86,14,-9,15535,1405,-13253,
-86,18,-4,40,-1234,-10378,
-86,18,-4,40,-1234,-10378,
-68,6,-4,-5342,-92,-7104,
-54,7,-2,598,-688,-3463,
-53,2,-6,-52,-700,-1788,
-59,-3,-8,-2165,-820,-693,
-77,-12,-3,-5171,-605,1657,
-72,-13,-2,-4406,14,1736,
-60,-15,-3,1471,749,-264,
-65,-14,-5,1508,290,-1412,
-71,-15,-4,397,27,-1566,
-101,-6,2,3233,-19,-448,
-101,-6,2,3233,-19,-448,
-95,-2,0,3618,-205,496,
-61,0,-4,-1723,-193,3930,
-61,0,-4,-1723,-193,3930,
-55,0,-4,-3398,324,4240,
-33,1,-4,-3709,-1026,6142,
-29,0,-5,-2733,-1326,6827,
-24,4,-5,-916,-1703,8282,
-34,7,-1,1527,-2726,9417,
-34,7,-1,1527,-2726,9417,
-51,9,-4,1169,-2783,9576,
-92,7,-4,1625,-1930,10124,
-114,3,-4,-585,-2022,9455,
-113,0,-6,-2653,-1864,8837,
-57,-36,20,1869,-3065,-1608,
-57,-36,20,1869,-3065,-1608,
-46,11,7,13398,839,-4321,
-63,3,-10,6478,1793,-9426,
-72,5,-5,-1202,959,-8762,
-72,5,-5,-1202,959,-8762,
-72,-7,-3,-6393,-106,-10283,
-72,-7,-3,-6393,-106,-10283,
-73,-10,1,-999,719,-11975,
-69,-12,0,1156,2162,-11248,
-69,-10,-2,1585,1425,-10692,
-68,-7,-1,-1281,151,-8850,
-68,-7,-1,-1281,151,-8850,
-70,-10,1,-2637,-367,-6593,
-79,-13,1,1394,-1363,-2008,
-79,-13,1,1394,-1363,-2008,
-90,-14,0,2627,-1451,1971,
-70,-18,-6,-47,-1486,6136,
-70,-18,-6,-47,-1486,6136,
-57,-16,-4,-4237,-89,6358,
-57,-16,-4,-4237,-89,6358,
-47,-13,-6,-3094,229,6491,
-29,-10,-11,-1002,-346,6286,
-29,-10,-11,-1002,-346,6286,
-26,3,-10,940,-1057,6403,
-25,9,-6,433,-1511,6787,
-49,20,1,3319,-1251,11413,
-62,17,2,2906,-868,13032,
-121,5,0,-2520,-122,17374,
-121,5,0,-2520,-122,17374,
-128,7,-3,-2231,-1406,18437,
-58,-128,-2,-27386,-825,-2042,
-38,-56,12,254,2440,10129,
-45,32,-2,12529,1829,-4672,
-45,32,-2,12529,1829,-4672,
-53,46,-1,10207,406,-5408,
-70,30,-2,-49,-581,-2792,
-61,16,-2,958,347,-250,
-61,16,-2,958,347,-250,
-63,17,-2,930,1404,666,
-66,16,-1,-979,1661,480,
-65,13,0,-2138,1901,242,
-61,9,0,-2602,2140,-251,
-61,9,0,-2602,2140,-251,
-62,8,0,-2516,2396,-781,
-74,3,1,-2141,1798,-2314,
-80,3,0,-1480,1301,-2968,
-69,8,-9,-1780,-331,-5577,
-69,8,-9,-1780,-331,-5577,
-70,11,-9,-2361,285,-5048,
-70,11,-9,-2361,285,-5048,
-72,10,-10,-2516,888,-4535,
-73,3,-10,-2121,2475,-3353,
-73,3,-10,-2121,2475,-3353,
-69,2,-9,-1699,2379,-3612,
-46,9,-11,-844,142,-4165,
-35,2,-7,-1549,-173,-3445,
-43,3,-8,3493,55,-1698,
-34,19,-10,5003,-945,2083,
-40,17,-6,2577,-647,4093,
-51,17,-2,3405,-456,8407,
-51,17,-2,3405,-456,8407,
-68,15,-4,5626,-636,10462,
-78,15,-8,5220,-2651,12077,
-77,-128,24,-20076,-3035,-6107,
-77,-128,24,-20076,-3035,-6107,
-77,-128,24,-20076,-3035,-6107,
-90,23,-3,7928,2402,1845,
-55,10,7,974,-259,-3118,
-54,36,2,9881,-320,-2430,
-58,26,2,-4509,381,-904,
-58,26,2,-4509,381,-904,
-67,28,-1,-3287,-707,1412,
-70,19,-6,-618,-788,3429,
-70,19,-6,-618,-788,3429,
-66,26,-12,-1922,-1340,3843,
-56,12,-11,4080,-486,-347,
-56,12,-11,4080,-486,-347,
-66,20,-4,432,-61,-601,
-61,19,-5,1731,-106,-708,
-62,21,-3,963,169,-605,
-64,20,-3,621,434,-305,
-66,23,-3,703,384,-9,
-64,19,-2,-247,269,156,
-63,16,0,-574,-31,186,
-63,15,1,-137,-384,-67,
-63,16,0,279,-519,-155,
-62,16,-1,779,-454,-296,
-62,17,-3,412,-217,-448,
-63,17,-3,132,21,-536,
-75,12,0,-1744,329,-1409,
-80,10,-1,-1079,-51,-4319,
-79,11,-1,-671,-286,-4894,
-62,14,-3,-1117,-214,-5529,
-62,14,-3,-1117,-214,-5529,
-60,17,-5,-1338,269,-4954,
-49,17,-2,-3083,627,-2526,
-49,17,-2,-3083,627,-2526,
-40,18,-3,-1029,584,-451,
-38,21,-4,-440,86,3129,
-38,21,-4,-440,86,3129,
-64,23,-1,662,-1778,7869,
-64,23,-1,662,-1778,7869,
-75,21,0,529,-2451,9625,
-80,23,-2,149,-2078,10611,
-42,29,-7,3919,549,-2897,
-42,29,-7,3919,549,-2897,
-45,33,-5,2044,1105,-2202,
-67,38,2,-1926,695,1331,
-73,38,2,-2843,72,2436,
-69,15,2,-1726,1354,430,
-69,15,2,-1726,1354,430,
-66,16,5,-1317,935,-86,
-60,23,5,929,-304,-423,
-60,23,5,929,-304,-423,
-59,26,5,2033,-517,-32,
-62,27,0,-365,-417,1754,
-61,24,0,-1060,-377,2059,
-59,17,0,-2111,-251,2479,
-64,26,4,224,-83,419,
-64,26,4,224,-83,419,
-61,20,3,128,-415,336,
-61,24,1,439,-340,361,
-59,25,0,-247,-340,501,
-60,24,2,-1448,-530,679,
-62,21,3,-427,-219,11,
-62,21,3,-427,-219,11,
-61,22,3,344,-137,-334,
-61,20,3,228,-245,-1041,
-61,20,3,228,-245,-1041,
-66,18,1,359,90,-1764,
-75,11,0,-869,893,-3883,
-75,11,0,-869,893,-3883,
-85,17,3,-1694,1635,-4783,
-88,24,6,-3278,1343,-6084,
-68,11,0,-907,1450,-8350,
-59,20,2,558,1105,-8518,
-46,22,0,-1022,1197,-4778,
-46,22,0,-1022,1197,-4778,
-35,21,0,43,821,2357,
-42,23,-1,1088,650,4603,
-54,20,0,1865,263,7547,
-54,20,0,1865,263,7547,
-65,22,0,1906,-487,8805,
-86,19,2,-834,-1766,9094,
-106,15,-6,-4743,-6010,7905,
-85,17,-7,5416,-1601,-18,
-58,17,-1,4018,-1504,-2411,
-46,24,-5,3577,-238,-3111,
-52,37,8,-2943,634,-931,
-55,32,5,-2166,1006,40,
-63,0,3,-2504,-714,560,
-64,8,1,-505,535,570,
-67,20,0,-75,614,-466,
-57,21,0,-36,337,-994,
-57,21,0,-36,337,-994,
-59,21,1,-52,535,-1172,
-59,21,1,-52,535,-1172,
-72,16,0,92,777,-2755,
-72,16,0,92,777,-2755,
-72,16,0,92,777,-2755,
-83,23,0,-558,999,-3051,
-78,18,2,-72,103,-5061,
-78,18,2,-72,103,-5061,
-71,17,-1,343,-333,-5257,
-55,22,-1,-2116,64,-1512,
-39,11,-3,-2292,935,2535,
-39,11,-3,-2292,935,2535,
-37,8,-2,-2088,926,2860,
-47,14,0,3129,137,2062,
-47,14,0,3129,137,2062,
-71,25,2,4305,-1346,2970,
-77,29,2,3779,-1445,3826,
-107,53,-9,-3572,-3900,8292,
-76,-59,1,-10725,-2093,-2397,
-53,19,-4,2527,1219,-2303,
-46,21,-1,250,1244,-2904,
-58,30,1,-1304,1088,-741,
-58,30,1,-1304,1088,-741,
-71,36,5,728,1736,533,
-68,7,0,-2862,-549,1106,
-61,15,-3,-212,302,-46,
-62,31,-3,901,-452,-288,
-63,21,-3,178,-1010,-68,
-63,21,-3,178,-1010,-68,
-62,17,0,-1145,-519,-187,
-61,19,2,-1289,92,-173,
-61,19,2,-1289,92,-173,
-60,19,2,-648,231,11,
-60,18,2,-335,229,-31,
-62,18,1,677,134,-334,
-62,18,0,950,94,-636,
-63,18,-1,960,238,-809,
-63,19,-1,776,472,-1231,
-63,21,-2,535,611,-1333,
-63,21,-1,-540,893,-956,
-64,22,-1,-287,866,-536,
-63,18,-2,-989,1128,106,
-63,15,0,-672,546,14,
-63,17,-1,157,22,-250,
-63,20,-2,98,-321,-210,
-63,19,-2,177,-296,151,
-63,14,0,-477,-182,286,
-63,16,-1,119,-47,142,
-63,18,-2,591,-13,-335,
-63,18,-2,591,-13,-335,
-63,18,-2,77,28,-469,
-66,17,-1,-825,170,-931,
-71,13,0,-1079,-120,-2204,
-71,13,0,-1079,-120,-2204,
-74,13,0,-1173,-180,-2590,
-70,12,1,2276,-392,-4257,
-68,13,0,3861,-187,-4296,
-67,22,-7,664,965,-1938,
-67,22,-7,664,965,-1938,
-70,21,-7,-1674,1374,-1341,
-70,8,-6,-4069,1396,-727,
-70,8,-6,-4069,1396,-727,
-59,5,-4,-4757,1320,-1089,
-41,7,-2,-3365,497,-1666,
-29,3,-2,-1791,134,-1018,
-36,22,-5,2202,191,1241,
-39,31,-5,1668,-677,3432,
-53,29,-5,2738,-964,8492,
-75,33,-8,1749,-1139,10887,
-117,40,-2,-4421,-802,12109,
-81,-72,12,-7719,404,3008,
-81,-72,12,-7719,404,3008,
-96,19,-19,8590,2601,1624,
-40,32,7,4580,495,-5318,
-40,32,7,4580,495,-5318,
-44,44,5,7262,803,-5435,
-64,20,-2,311,240,-2486,
-64,20,-2,311,240,-2486,
-69,35,0,-340,815,-220,
-67,19,-1,-1708,-882,3525,
-65,13,-2,-965,-572,3811,
-62,14,-4,2602,1062,969,
-62,14,-4,2602,1062,969,
-64,13,0,157,535,-733,
-60,16,-2,1429,258,-2318,
-66,20,-2,663,381,-1037,
-63,24,-2,544,158,-230,
-60,20,-3,-428,-180,227,
-61,18,-3,-545,42,827,
-63,17,-3,-429,214,809,
-67,16,-4,-83,317,325,
-64,14,-5,394,1083,-350,
-65,19,-7,1532,684,-1522,
-64,18,-5,649,253,-1736,
-63,19,-4,-101,935,-863,
-63,20,-4,-309,976,-479,
-62,18,-3,-971,1190,591,
-63,17,-3,-1074,1055,646,
-65,16,-3,-1177,665,535,
-65,16,-3,-962,16,255,
-63,16,-4,-786,-241,60,
-62,17,-5,-353,-584,-306,
-64,18,-6,-180,-685,-283,
-63,18,-7,-305,-447,48,
-62,16,-6,-876,-130,127,
-62,16,-6,-876,-130,127,
-63,16,-5,-897,-33,-100,
-65,16,-4,-326,26,-254,
-63,16,-4,-565,206,-275,
-63,14,-3,-651,226,-554,
-63,14,-3,-651,226,-554,
-68,14,-1,-659,14,-982,
-73,14,0,-920,-296,-1259,
-86,9,-2,-536,-1451,-3284,
-86,9,-2,-536,-1451,-3284,
-83,11,-4,449,-1736,-3895,
-69,16,-3,469,-2061,-5273,
-65,15,-4,-272,-1688,-5066,
-51,17,-4,-1226,-651,-3489,
-42,15,-4,-1641,184,-1499,
-28,14,-3,-563,564,1727,
-30,14,-4,1748,967,3489,
-68,17,-4,4172,-297,6761,
-68,17,-4,4172,-297,6761,
-94,21,-4,1752,-1240,7532,
-94,21,-4,1752,-1240,7532,
-120,72,-7,-4006,-3063,10329,
-73,18,4,6480,221,2596,
-52,21,10,3992,-1826,-3546,
-42,33,-1,5365,-837,-3288,
-56,14,1,-2815,853,723,
-56,14,1,-2815,853,723,
-69,37,12,-642,465,1791,
-67,5,0,-2046,2071,495,
-67,5,0,-2046,2071,495,
-69,15,2,-1465,1954,-127,
-58,26,-1,1145,446,-415,
-61,25,-1,227,442,-101,
-63,16,-1,-1574,921,-81,
-62,17,0,-1586,1093,-145,
-60,18,0,-1621,1132,-597,
-61,17,-1,-1299,1039,-884,
-64,14,-3,-352,813,-1382,
-64,14,-3,-352,813,-1382,
-64,12,-4,-97,805,-1838,
-69,15,-3,656,714,-2364,
-88,10,-1,-1189,305,-3444,
-84,11,0,-177,-746,-4254,
-68,12,-2,-117,-523,-4725,
-63,14,-2,-821,687,-4710,
-53,16,-3,-757,1420,-3615,
-53,16,-3,-757,1420,-3615,
-47,16,-3,-111,1413,-2052,
-35,17,-4,-324,716,1553,
-34,15,-2,103,343,2499,
-45,20,-3,2196,-632,6792,
-45,20,-3,2196,-632,6792,
-52,20,-3,1843,-717,7480,
-106,24,-5,-399,-129,8819,
-106,24,-5,-399,-129,8819,
-61,-122,20,-16692,-1143,-3259,
-48,6,-4,2341,407,-3532,
-48,6,-4,2341,407,-3532,
-47,40,-6,3519,96,-3704,
-57,31,-6,-1014,207,-1662,
-57,31,-6,-1014,207,-1662,
-64,19,-5,1250,790,-1146,
-73,30,-5,-1527,686,3222,
-73,30,-5,-1527,686,3222,
-69,24,-3,-1844,47,4136,
-61,8,-3,1594,-385,1231,
-62,2,1,-804,-461,-659,
-60,17,-2,1296,-716,-772,
-61,24,-4,1151,-325,-295,
-62,21,-3,-575,380,231,
-63,19,-3,-964,514,252,
-63,18,-3,-1036,575,146,
-63,19,-5,-475,394,-235,
-63,19,-5,-531,317,-172,
-63,17,-4,-450,109,-205,
-63,17,-4,-450,109,-205,
-63,16,-5,26,82,-508,
-63,17,-5,893,59,-1301,
-65,21,-5,1077,-75,-1502,
-64,17,-5,213,-161,-1447,
-62,18,-5,542,28,-900,
-62,17,-4,-22,219,-271,
-62,16,-4,-464,334,-84,
-65,16,-3,-95,252,11,
-65,16,-4,-66,39,58,
-64,15,-3,-72,-135,10,
-63,16,-4,-152,-425,-384,
-63,16,-4,-152,-425,-384,
-63,15,-4,-360,-420,-469,
-63,16,-4,-687,-267,-707,
-64,16,-4,-733,-215,-724,
-64,15,-4,-461,-219,-763,
-64,15,-4,-461,-219,-763,
-64,15,-4,-190,-314,-745,
-63,14,-5,161,-456,-626,
-63,14,-5,161,-456,-626,
-63,14,-5,123,-383,-640,
-64,14,-5,145,-166,-617,
-64,14,-5,145,-70,-634,
-64,15,-5,63,64,-691,
-65,15,-4,-8,203,-505,
-65,15,-4,-8,203,-505,
-64,15,-4,-119,284,-278,
-64,15,-4,-199,319,-17,
-64,14,-4,-284,263,197,
-64,14,-4,-284,263,197,
-64,14,-4,-363,252,300,
-64,14,-4,-524,272,822,
-64,14,-4,-588,268,862,
-63,11,-4,-728,9,1783,
-63,11,-4,-728,9,1783,
-63,15,-3,165,220,1087,
-63,15,-3,165,220,1087,
-63,13,-3,-337,-57,477,
-91,13,-1,232,-931,-4420,
-83,14,-6,1852,-1505,-8046,
-68,18,-5,-867,-413,-6755,
-51,21,-6,-1621,-226,-5080,
-41,20,-4,-2222,-145,-3632,
-19,17,-4,22,-78,2592,
-28,20,-5,-79,-492,6392,
-66,27,-5,2357,-428,12730,
-101,-112,8,-5569,-1379,-1039,
-101,-112,8,-5569,-1379,-1039,
-50,28,-8,7908,627,-5989,
-50,28,-8,7908,627,-5989,
-47,26,4,-4348,962,-3767,
-59,7,0,1714,741,-3140,
-70,15,-9,-2993,1300,150,
-70,15,-9,-2993,1300,150,
-74,-3,-5,-8131,809,-1630,
-76,-10,-2,-5539,421,-3859,
-71,-16,-2,-1402,175,-9230,
-71,-18,-1,1569,1426,-12151,
-92,-3,1,10187,2285,-15361,
-92,-3,1,10187,2285,-15361,
-105,22,-9,13464,864,-13908,
-77,32,-11,526,1117,-4643,
-77,32,-11,526,1117,-4643,
-60,25,-6,-5663,1439,-118,
-42,11,-1,-4678,1463,4979,
-38,6,0,-1523,946,7429,
-38,2,-4,665,276,9460,
-46,1,-4,354,-437,9723,
-63,9,-7,1330,-1625,10568,
-63,9,-7,1330,-1625,10568,
-85,15,-7,1069,-1526,11483,
-93,17,-6,346,-1471,11759,
-98,-7,-26,-16648,-555,7502,
-98,-7,-26,-16648,-555,7502,
-50,-118,19,-16200,-497,-669,
-49,16,-1,3480,-49,-780,
-46,31,-5,4134,-159,211,
-68,36,-3,-1830,-210,3353,
-73,27,0,-2443,-1155,3048,
-61,24,-2,1057,-122,-990,
-61,24,-2,1057,-122,-990,
-61,24,-2,1057,-122,-990,
-66,19,-3,764,-114,-2000,
-73,22,-5,-881,1016,-3422,
-76,15,1,-3715,-33,-4242,
-80,9,-1,-1271,-60,-6146,
-72,18,-4,-2769,-153,-6050,
-72,18,-4,-2769,-153,-6050,
-62,20,-3,-3101,-118,-5375,
-38,19,-7,-814,264,-24,
-38,19,-7,-814,264,-24,
-32,21,-6,-276,292,3437,
-32,21,-6,-276,292,3437,
-35,20,-6,99,260,4381,
-63,25,-4,2614,120,9632,
-115,61,-9,-9271,-6091,14131,
-115,61,-9,-9271,-6091,14131,
-74,-111,30,-23072,-5156,-1262,
-58,33,-4,3912,-3421,1601,
-52,1,7,-1136,-3147,-1526,
-61,52,-4,3400,-603,-764,
-46,27,0,-2755,-641,-999,
-52,34,0,-2280,537,-127,
-61,25,2,-4149,-104,424,
-64,23,3,-2081,-293,558,
-64,23,3,-2081,-293,558,
-68,26,4,2454,482,-475,
-76,30,3,520,-121,-1964,
-78,33,4,-1305,432,-2572,
-76,27,3,-1577,344,-3163,
-62,25,0,-3314,1152,-3494,
-62,27,-3,-3394,1607,-4388,
-54,23,1,-5199,1117,-4126,
-50,23,-1,-3820,570,-3026,
-46,21,-1,-3449,307,-2425,
-47,20,-1,-5087,-276,-446,
-47,20,-1,-5087,-276,-446,
-45,12,3,-3918,-1356,812,
-45,12,3,-3918,-1356,812,
-52,20,4,2670,-938,4475,
-54,31,2,2090,-1351,7890,
-54,31,2,2090,-1351,7890,
-86,-53,7,-7636,-2624,2084,
-87,33,14,-3683,-477,1620,
-87,33,14,-3683,-477,1620,
-59,30,16,-1884,543,697,
-46,30,19,-2458,595,-1387,
-46,30,19,-2458,595,-1387,
-43,27,8,2043,1030,-739,
-46,30,7,2771,1066,-468,
-65,27,4,1641,-457,-185,
-65,24,0,3033,-910,-998,
-63,28,0,3534,-816,-1148,
-61,32,2,51,-1484,-1332,
-61,32,2,51,-1484,-1332,
-62,26,2,-2100,-1803,-1956,
-63,25,6,-5931,-2311,-4306,
-70,26,4,-5405,-1172,-5577,
-71,32,6,-3459,223,-5267,
-71,32,6,-3459,223,-5267,
-64,27,8,-3606,597,-4560,
-28,13,6,-2534,728,157,
-25,16,2,2400,-177,2048,
-51,31,2,2593,-1085,3827,
-51,31,2,2593,-1085,3827,
-75,28,10,-245,-893,5687,
-75,28,10,-245,-893,5687,
-75,18,8,719,-261,5520,
-68,-36,18,-9213,-294,1351,
-68,12,1,4433,892,3200,
-62,29,12,-2691,1884,745,
-51,37,12,-1637,993,379,
-51,33,10,-1455,1321,370,
-54,27,12,85,1043,108,
-57,32,9,2091,320,-274,
-57,32,9,2091,320,-274,
-57,32,9,2091,320,-274,
-60,25,6,92,-209,-125,
-60,25,6,92,-209,-125,
-60,29,4,654,86,147,
-59,28,5,822,388,-158,
-60,31,4,439,434,-286,
-67,28,11,-463,-528,-1316,
-68,24,13,669,-2213,-2820,
-74,37,0,1124,-1752,-5285,
-74,37,0,1124,-1752,-5285,
-68,19,5,-3472,-170,-8876,
-50,26,6,-3952,706,-5452,
-50,26,6,-3952,706,-5452,
-35,21,1,-3041,295,-2714,
-28,16,1,-421,-785,865,
-42,22,4,2320,-1781,2339,
-42,22,4,2320,-1781,2339,
-55,25,5,3005,-1409,3240,
-61,7,0,1975,-183,4158,
-61,7,0,1975,-183,4158,
-111,-9,19,-12246,-1661,1701,
-66,3,3,5853,730,1028,
-49,41,21,-1531,-277,-1139,
-49,27,10,477,-472,-407,
-54,34,5,2231,27,1154,
-56,28,6,138,642,387,
-58,28,5,-1185,1000,-564,
-60,27,3,-1850,739,-690,
-66,22,4,-301,725,233,
-75,24,10,-120,444,-607,
-73,25,10,-968,-9,-1140,
-62,14,10,-823,-1049,-3595,
-50,2,11,1761,-1753,-5791,
-52,8,9,6189,-1183,-6211,
-57,31,1,5707,35,-5262,
-79,32,6,-67,366,-4720,
-79,32,6,-67,366,-4720,
-69,28,3,-3551,1595,-1012,
-64,25,4,-3461,1721,87,
-46,22,3,-2784,980,3247,
-41,19,2,-2569,619,3958,
-41,11,0,3162,-853,5508,
-41,11,0,3162,-853,5508,
-54,19,2,2854,-1511,4166,
-89,6,2,-62,-2070,3093,
-72,17,5,5682,-2117,2772,
-60,22,14,-1586,-475,-91,
-50,33,10,362,-962,-609,
-45,37,6,1748,-158,-51,
-61,29,2,-1120,435,402,
-61,29,2,-1120,435,402,
-61,29,2,-1120,435,402,
-63,25,3,-2742,873,141,
-63,25,3,-2742,873,141,
-62,25,4,-2735,930,128,
-60,28,5,-1388,869,15,
-58,28,6,-197,564,-310,
-61,34,7,-1119,-35,-709,
-61,34,7,-1119,-35,-709,
-64,28,6,-5690,-471,-1313,
-64,28,6,-5690,-471,-1313,
-65,18,6,-4752,43,-2295,
-62,6,7,-2220,1020,-4098,
-63,10,6,-230,1588,-4870,
-65,47,2,2948,1787,-4245,
-56,35,1,-1150,1591,-2770,
-53,26,0,-3305,1131,-1786,
-40,28,1,-4875,93,1921,
-40,28,1,-4875,93,1921,
-37,20,1,-3061,-879,3601,
-40,10,0,2878,-850,5342,
-73,65,2,4818,426,6189,
-72,22,-4,7266,888,4461,
-81,18,12,-1600,154,749,
-53,32,16,1605,-684,-1382,
-53,32,16,1605,-684,-1382,
-51,38,1,1895,-489,-103,
-58,30,3,-1260,5,701,
-65,22,5,-2277,392,-144,
-64,22,4,-801,495,-386,
-63,26,7,488,399,-628,
-63,26,7,488,399,-628,
-67,32,6,-1581,174,-984,
-70,24,3,-7743,365,-3228,
-64,13,10,-6199,1003,-5628,
-53,24,5,-1919,2346,-2844,
-50,30,5,698,1582,-1221,
-40,25,3,345,-272,887,
-38,20,3,1377,-1351,1850,
-52,23,4,1846,-2322,2954,
-60,7,1,2892,-2699,3923,
-81,0,10,248,-2467,2551,
-81,0,10,248,-2467,2551,
-61,35,-7,7463,68,2088,
-67,27,5,199,-33,1011,
-53,35,13,-596,-398,-324,
-57,32,1,1486,180,578,
-57,32,1,1486,180,578,
-58,31,0,775,194,459,
-60,29,4,-2175,537,-77,
-62,29,8,-2672,541,-321,
-69,28,11,-3464,250,-376,
-71,30,13,-4163,127,-674,
-73,16,5,103,-128,-4813,
-55,24,6,-2572,1294,-5566,
-55,24,6,-2572,1294,-5566,
-47,27,6,-1285,1060,-3422,
-42,24,6,105,496,-167,
-36,17,2,3577,-833,3032,
-36,17,2,3577,-833,3032,
-41,18,0,3706,-1251,3437,
-48,19,-1,5054,-1575,4302,
-49,21,-2,4569,-1721,4395,
-102,86,8,6679,-963,4386,
-102,86,8,6679,-963,4386,
-128,74,0,-1308,-1335,6800,
-61,9,25,-4887,2176,-165,
-44,25,10,1415,-468,-1300,
-45,31,4,2823,72,-664,
-45,31,4,2823,72,-664,
-58,32,0,-1728,-9,-266,
-61,27,0,-2859,-156,21,
-66,24,0,-1418,117,262,
-66,24,0,-1418,117,262,
-63,25,3,-848,-60,101,
-59,25,7,-844,-127,-252,
-57,27,7,-896,-485,-749,
-57,27,7,-896,-485,-749,
-58,26,6,-758,125,-408,
-60,27,6,-1016,305,-191,
-62,25,6,-1587,559,-679,
-62,25,6,-1587,559,-679,
-61,21,6,-2251,630,-1485,
-64,16,5,-2264,1015,-3312,
-69,27,11,-536,1799,-4123,
-69,21,5,426,2252,-3944,
-69,30,5,1861,1966,-3342,
-57,28,3,238,1403,-1822,
-48,24,0,-1249,589,223,
-29,12,-1,3008,241,3081,

-29,12,-1,3008,241,3081,
-54,36,9,2378,-1013,2077,
-124,6,14,-10466,-9276,6272,
-59,-19,1,4852,-465,153,
-62,11,12,-3336,-1569,-4326,
-48,44,2,1599,1539,-3104,
-48,44,2,1599,1539,-3104,
-48,36,7,-1119,972,-2329,
-62,43,0,755,70,650,
-59,18,0,904,-884,453,
-61,23,2,431,-537,-337,
-61,23,2,431,-537,-337,
-61,23,2,431,-537,-337,
-60,25,2,196,-259,-316,
-56,27,5,-1113,308,-348,
-56,27,5,-1113,308,-348,
-56,28,6,-1409,356,-447,
-62,22,3,-1399,488,-504,
-68,21,3,-232,878,-868,
-76,34,4,-1916,2220,-1226,
-76,34,4,-1916,2220,-1226,
-74,13,7,-4096,1219,-2105,
-66,25,1,-116,981,-1720,
-66,25,1,-116,981,-1720,
-56,24,0,-2550,343,-1159,
-45,19,0,-3375,294,-396,
-41,17,0,-2907,490,-75,
-33,14,0,-1046,348,852,
-34,15,0,3104,-151,1598,
-34,15,0,3104,-151,1598,
-43,25,3,2561,-1195,1825,
-64,26,1,3020,-2597,2642,
-116,48,-7,-6810,-8570,7276,
-46,23,3,1078,1184,-3413,
-46,23,3,1078,1184,-3413,
-50,36,7,2721,2136,-4380,
-61,42,5,2328,1938,-3183,
-72,19,6,-1592,62,378,
-66,13,0,-782,415,405,
-62,21,0,-355,592,-913,
-61,21,2,-1159,332,-1091,
-68,18,1,-1659,285,-1342,
-69,19,1,-1254,414,-1619,
-71,18,2,-1310,416,-1577,
-66,18,0,-759,381,-1786,
-63,19,1,-1147,398,-1658,
-64,21,2,-1026,395,-1493,
-58,20,1,-311,276,236,
-50,21,0,547,75,2314,
-47,22,1,353,-386,3613,
-47,22,1,353,-386,3613,
-52,24,0,1402,-761,5301,
-55,27,0,1414,-745,5844,
-66,18,3,130,-975,6185,
-66,18,3,130,-975,6185,
-84,40,4,5069,-1089,950,
-66,21,7,1124,-1625,-657,
-57,25,3,2692,-1428,-1259,
-52,33,0,1111,-847,-471,
-52,33,0,1111,-847,-471,
-53,34,1,245,-871,383,
-60,26,2,-1131,-204,674,
-60,26,2,-1131,-204,674,
-62,24,3,-1451,392,465,
-61,25,5,-1547,518,188,
-59,26,5,-988,240,-127,
-58,27,5,-645,84,-133,
-58,28,4,-160,-203,-8,
-58,27,4,-93,-294,102,
-59,27,4,-408,-80,-77,
-59,26,5,-410,150,-246,
-61,25,5,-8,309,-569,
-61,25,5,-8,309,-569,
-63,24,4,-327,324,-1025,
-70,21,0,498,1327,-3337,
-64,12,1,-2333,1652,-4473,
-64,12,1,-2333,1652,-4473,
-52,23,0,-761,1336,-3973,
-43,21,0,-902,841,-2449,
-54,29,0,1942,151,2337,
-54,29,0,1942,151,2337,
-54,29,0,1942,151,2337,
-56,29,0,1718,-1096,4960,
-70,33,3,1296,-924,6759,
-82,-48,6,-9151,-31,1357,
-82,-48,6,-9151,-31,1357,
-73,9,1,-13,281,-2053,
-47,18,-3,381,1520,-3299,
-48,15,9,-1960,1311,-3432,
-48,15,9,-1960,1311,-3432,
-52,19,7,653,1508,-3628,
-68,33,2,248,183,-27,
-67,29,3,-343,11,574,
-62,14,-1,7,-289,88,
-62,14,-1,7,-289,88,
-60,15,0,629,-239,-125,
-66,23,1,-668,301,-318,
-65,20,2,-724,257,-284,
-62,22,2,-501,127,299,
-62,22,2,-501,127,299,
-62,22,2,-501,127,299,
-60,23,0,-84,-148,941,
-59,26,1,-788,-651,2369,
-59,26,1,-788,-651,2369,
-61,28,0,-1569,-940,3229,
-57,20,1,-1955,-1057,3783,
-53,14,0,-943,-957,3097,
-55,14,2,605,-265,503,
-55,14,2,605,-265,503,
-67,32,1,1512,-85,379,
-54,5,-3,579,623,-682,
-54,5,-3,579,623,-682,
-59,21,0,1964,1088,-1085,
-66,46,4,1538,618,-1508,
-61,35,5,-748,497,-1339,
-59,26,0,1024,-528,-15,
-59,26,0,1024,-528,-15,
-69,24,2,-701,134,245,
-69,24,2,-701,134,245,
-67,26,5,745,-21,176,
-61,35,6,3393,-982,676,
-59,29,3,4042,-1536,1271,
-54,27,-4,177,-1743,630,
-54,27,-4,177,-1743,630,
-54,27,-4,177,-1743,630,
-60,15,-2,-5164,544,-1170,
-60,15,-2,-5164,544,-1170,
-58,23,0,-786,1483,-1501,
-58,23,0,-786,1483,-1501,
-54,25,0,-341,1461,-1353,
-54,25,1,-992,861,-755,
-56,28,0,-895,117,23,
-58,22,1,-1552,-209,1265,
-70,35,11,506,395,2363,
-76,39,6,4638,496,1331,
-57,8,4,110,-654,201,
-59,36,0,1522,465,-818,
-59,36,0,1522,465,-818,
-53,28,0,548,-111,-632,
-56,31,1,262,-374,-43,
-60,27,0,84,-837,373,
-63,25,0,30,-573,251,
-63,25,0,30,-573,251,
-62,25,0,-129,-335,-102,
-59,28,0,-480,-69,-478,
-59,28,0,-480,-69,-478,
-58,28,0,-513,-127,-433,
-59,27,0,-546,-97,-303,
-59,27,0,-546,-97,-303,
-62,26,1,-778,-69,-379,
-64,23,1,-1439,-81,-695,
-56,23,0,-1387,859,-1902,
-56,23,0,-1387,859,-1902,
-56,23,0,-1387,859,-1902,
-53,27,-2,-802,1419,-1004,
-49,26,-1,-1252,1083,-444,
-41,16,0,-2022,-4,434,
-41,16,0,-2022,-4,434,
-44,17,0,-1330,-120,359,

