35,-15,51,-159,-6864,2326,
35,-15,51,-159,-6864,2326,
38,-16,41,1112,-12098,-690,
38,-16,41,1112,-12098,-690,
44,-13,42,-1928,-12613,882,
46,-15,36,568,-12781,564,
50,-15,34,335,-13632,1940,
50,-15,34,335,-13632,1940,
54,-17,26,-7626,-17731,1919,
50,-17,-3,-4624,-15142,-905,
50,-17,-3,-4624,-15142,-905,
52,-19,0,-7673,-15401,429,
56,-18,-14,-6594,-9012,-453,
56,-18,-14,-6594,-9012,-453,
57,-20,-10,-5234,-8677,-733,
58,-15,-25,-5354,-7633,-893,
59,-19,-22,-4106,-3680,-52,
57,-18,-22,-3329,-2382,-814,
54,-17,-24,-1573,-4487,-2262,
53,-12,-31,-1514,-2725,-2468,
50,-12,-33,-665,314,-2306,
48,-9,-38,103,3705,-3310,
44,-9,-39,2030,14297,-2300,
44,-9,-39,2030,14297,-2300,
44,-6,-23,7042,20806,-1859,
36,2,-10,9248,27976,-604,
36,2,-10,9248,27976,-604,
30,-7,10,11071,32767,563,
20,8,42,14287,32767,-1175,
20,4,65,9482,32767,427,
17,-2,69,5221,32767,1330,
0,-9,64,-659,26692,-2870,
6,-9,82,-5344,26655,-4249,
-15,-3,59,-4754,18216,-6474,
-13,-2,61,-1299,18599,-6328,
-26,0,64,2982,14726,-764,
-26,1,76,2223,14369,1128,
-29,-8,96,1316,-2291,4191,
-29,-8,96,1316,-2291,4191,
-33,-11,84,7015,-9903,3200,
-19,-1,80,828,-14052,1801,
-12,4,66,2545,-21986,5981,
-5,-13,64,-2657,-19488,3440,
3,6,57,-6216,-19898,569,
3,6,57,-6216,-19898,569,
17,0,62,-3495,-24229,6433,
15,-4,40,1305,-28065,4937,
29,-5,42,1989,-26280,4751,
37,-4,37,3261,-27154,2717,
37,-4,37,3261,-27154,2717,
34,-8,23,1709,-26365,2187,
50,-9,18,-18920,-14257,201,
50,-9,18,-18920,-14257,201,
50,-13,12,-16048,-11541,-1692,
54,-6,6,-5839,-12107,-4725,
57,-5,4,-10455,-13873,-4599,
57,0,-9,2338,-11045,-2868,
56,4,-17,4580,-9404,-2358,
59,-4,-15,-1928,-7709,1261,
59,-4,-20,-423,-7360,1886,
58,-6,-26,-509,-5040,1951,
56,-4,-34,-242,-2949,2430,
55,-7,-32,-395,1840,1525,
55,-4,-35,1640,6505,1813,
55,-4,-35,1640,6505,1813,
55,-4,-28,4946,8521,-2813,
54,-8,-11,4662,11059,-834,
60,-8,-3,3142,12029,-1888,
62,-6,10,1191,11733,-881,
56,-4,5,3306,10526,-5199,
55,0,25,2558,14983,-1692,
55,0,25,2558,14983,-1692,
49,0,28,1207,14130,-1287,
49,0,28,1207,14130,-1287,
43,1,31,2329,15132,-1328,
42,0,39,3209,16313,-1931,
37,4,37,1691,15086,-1847,
35,2,42,990,15822,-1531,
35,1,52,739,15168,-2426,
24,6,42,835,16494,-3145,
24,3,59,-3939,17791,-1100,
14,2,58,749,16374,-2605,
13,0,76,-3046,14520,-1351,
1,6,58,260,11725,-4335,
1,3,66,-249,11682,-3628,
-4,3,60,-381,9014,-1691,
-4,3,60,-381,9014,-1691,
-11,6,56,1105,9222,-2698,
-16,5,64,544,6600,-1724,
-18,4,69,1941,4780,170,
-16,7,76,-131,1940,-642,
-17,8,73,-467,-2834,74,
-16,6,72,270,-4453,854,
-10,7,70,525,-7049,2162,
-10,7,70,525,-7049,2162,
-10,6,71,-276,-8376,2287,
-5,4,63,-3341,-8689,2118,
-2,4,65,-4057,-9168,1681,
2,9,64,-4532,-12358,1156,
2,8,60,-4186,-13631,2298,
10,4,62,-3066,-14904,3020,
13,1,54,-894,-17263,3622,
15,1,53,-1545,-17269,3748,
24,-2,52,-5466,-16967,4134,
24,-4,38,-2688,-21204,1409,
32,-6,34,-1981,-15165,719,
39,-7,40,-4503,-11839,-406,
44,-5,36,-3435,-9478,-412,
48,-5,37,-3409,-10153,-607,
55,2,37,-1446,-11784,3309,
51,-11,31,1771,-14138,4339,
52,-14,17,-493,-13179,2028,
53,-14,16,-1421,-12676,596,
57,-10,5,-2651,-11591,-615,
59,-8,7,-3945,-11362,-730,
59,-8,7,-3945,-11362,-730,
60,-8,-3,-3097,-11369,-1998,
59,-6,-7,-3023,-11776,-2064,
56,-5,-23,-3260,-10312,-1725,
53,-3,-38,-1264,-6216,-3280,
52,1,-42,-2308,-2535,-2811,
54,1,-29,1220,6353,-517,
55,2,-26,1093,8761,330,
55,-3,-13,2963,12925,1419,
55,-1,-2,5420,16617,464,
55,-6,10,7264,16226,907,
50,-1,6,3232,15708,-775,
50,-1,6,3232,15708,-775,
51,-2,26,2876,18380,521,
43,-3,31,3082,17572,-1529,
44,-1,49,225,18152,-1324,
35,0,43,672,13242,-1740,
30,-1,42,3069,14781,-2221,
25,0,57,-904,18447,-1920,
27,1,65,-55,17419,-2169,
12,-1,54,-382,14966,-5436,
14,4,67,-4425,15595,-4996,
11,7,61,-1252,10326,-3741,
3,1,63,3479,10709,-1011,
3,1,63,3479,10709,-1011,
-1,2,63,311,10148,-1444,
-7,7,60,2717,10801,-1614,
-14,0,64,3704,10361,-761,
-14,3,72,-1632,-5993,1612,
-14,3,72,-1632,-5993,1612,
-13,8,63,-923,-8103,318,
-7,11,64,-527,-9363,2872,
-3,6,68,819,-11765,5148,
2,6,63,-24,-12966,5315,
7,3,61,-1501,-13624,5298,
14,0,57,-2286,-13729,3726,
20,1,54,-3216,-13223,3046,
23,0,54,-4248,-13275,2882,
28,-2,44,-8202,-12580,257,
31,-2,47,-8826,-12180,504,
35,-7,38,-5374,-12991,-195,
35,-7,38,-5374,-12991,-195,
42,-10,45,-6165,-12038,-272,
44,-9,32,-2876,-14627,-2172,
44,-9,32,-2876,-14627,-2172,
50,-6,21,-1957,-15905,-2515,
53,-6,22,-2285,-15878,-1793,
49,-10,6,-2556,-15810,-1140,
56,-5,6,-4620,-12767,-2209,
59,-6,4,-3083,-10703,-1773,
61,-8,0,-3661,-10657,-1824,
61,-8,0,-3661,-10657,-1824,
61,-3,-13,-2484,-8194,-2081,
56,4,-35,-2353,-1281,-440,
56,1,-31,-490,1670,870,
56,-2,-22,1890,6942,514,
56,0,-22,1489,9029,1011,
52,-5,-2,4509,17165,2410,
52,-5,-2,4509,17165,2410,
48,-4,18,6517,20266,-266,
48,-4,18,6517,20266,-266,
46,-3,22,6576,20992,36,
38,-1,41,7342,23979,350,
34,0,45,7603,23036,-148,
23,-4,54,5438,22193,-812,
23,-4,54,5438,22193,-812,
22,2,62,3618,20900,-2063,
10,3,58,3697,18711,-1364,
5,2,58,4082,14887,-3249,
-2,7,54,2300,16708,-4438,
-9,11,65,1921,15039,-4106,
-14,13,66,1743,12570,-1661,
-20,11,65,3533,11274,-1327,
-22,8,63,4307,10428,-1356,
-25,14,62,2931,10837,-1843,
-23,11,78,750,6633,-866,
-23,11,78,750,6633,-866,
-22,11,80,-415,2931,-371,
-26,12,64,-2021,-7355,1172,
-23,11,67,-3026,-8165,1511,
-16,9,64,-3058,-12671,2062,
-14,9,62,-2837,-13185,1903,
-9,7,64,-4362,-13913,2548,
0,6,62,-4702,-14498,2891,
0,6,62,-4702,-14498,2891,
5,3,61,-4059,-15597,2723,
10,-3,54,-8654,-16506,1598,
18,0,54,-9181,-14468,245,
24,-3,48,-4981,-16440,395,
24,-3,48,-4981,-16440,395,
30,-5,47,-4193,-15772,389,
38,-8,42,-4428,-14958,-326,
39,-9,34,-3591,-14543,-1120,
46,-10,32,-3814,-13310,-2805,
47,-11,25,-2792,-13156,-3115,
52,-8,20,-2979,-11866,-3163,
52,-8,20,-2979,-11866,-3163,
55,-5,16,-2468,-10886,-2964,
57,-5,19,-2618,-10989,-2378,
57,-6,-2,-2082,-10221,-2727,
57,-6,-2,-2082,-10221,-2727,
60,0,-8,-899,-7661,-2992,
60,0,-8,-899,-7661,-2992,
57,4,-27,84,-1331,-708,
58,4,-22,2687,4905,908,
57,0,-13,4470,9209,1985,
57,0,-13,4470,9209,1985,
53,0,-9,5548,14669,2389,
52,-2,6,7619,16157,1434,
46,-3,11,7467,19541,1379,
34,-4,26,5007,19871,444,
34,-4,26,5007,19871,444,
30,-2,31,4791,22743,96,
21,-1,52,3528,20051,561,
16,0,52,4728,20274,-295,
17,0,79,1534,15772,-2989,
10,5,66,3544,11791,-4615,
1,7,57,1859,12090,-2955,
0,8,57,1254,12459,-3091,
-17,9,49,1970,14757,-4313,
-17,9,49,1970,14757,-4313,
-22,9,51,2888,16581,-4318,
-25,17,70,5218,15755,-3685,
-27,17,68,4071,13394,-2436,
-33,11,58,1981,6967,-861,
-33,11,58,1981,6967,-861,
-33,14,69,-831,59,2129,
-33,14,69,-831,59,2129,
-36,14,62,-1169,-6016,1732,
-30,17,63,-2598,-7999,1256,
-26,16,60,-3610,-10849,2766,
-26,16,60,-3610,-10849,2766,
-23,12,58,-3498,-11725,3190,
-15,9,65,-2699,-13853,2726,
-15,9,65,-2699,-13853,2726,
-12,9,58,-5549,-14662,2763,
-1,7,61,-6237,-14841,1848,
0,8,59,-6578,-15218,2060,
13,1,58,-5765,-15325,3574,
15,0,57,-6641,-16583,3087,
21,-4,49,-6343,-16459,1707,
24,-3,46,-5907,-15824,1295,
32,-7,51,-7167,-15402,755,
34,-6,43,-6123,-16733,-140,
36,-7,38,-5747,-16412,-363,
43,-10,41,-6608,-17174,-1150,
47,-11,27,-4294,-17853,-3304,
47,-11,27,-4294,-17853,-3304,
50,-9,19,-5028,-17635,-4095,
52,-8,6,-3938,-16923,-4833,
55,-5,3,-4215,-15953,-5099,
59,-2,-4,-2241,-10088,-4105,
57,0,-19,-967,-8225,-2931,
58,1,-25,1025,-2148,-1517,
58,1,-25,1025,-2148,-1517,
58,0,-19,1856,2629,-425,
59,1,-13,1358,5832,-225,
58,1,-11,3173,8316,92,
57,-1,-1,5149,9993,211,
55,0,0,3107,12710,594,
55,1,3,3372,14221,822,
50,1,10,5699,15819,2221,
50,1,10,5699,15819,2221,
50,-2,27,6006,17455,1542,
42,0,32,2694,19429,1111,
38,3,41,1508,20363,2282,
26,-3,40,4081,18124,1499,
22,1,43,4272,20753,313,
15,0,56,1420,21394,560,
11,0,56,2803,20651,372,
2,5,56,7177,21293,-1861,
-10,9,69,8236,16546,-3550,
-10,9,69,8236,16546,-3550,
-7,12,78,7222,15521,-2716,
-12,11,58,4170,9718,-2379,
-13,9,55,2828,10039,-1983,
-15,8,54,2774,10218,-3129,
-30,14,57,2486,9904,-5686,
-30,14,57,2486,9904,-5686,
-33,21,56,1816,9775,-5193,
-30,15,75,531,332,1030,
-30,15,75,531,332,1030,
-31,14,69,-478,-2971,1572,
-25,15,67,-5624,-5903,1475,
-23,14,70,-6261,-8088,1908,
-16,11,66,-5755,-13368,3154,
-16,11,66,-5755,-13368,3154,
-15,11,63,-4898,-15148,3325,
-7,7,59,-4997,-14989,4254,
-2,4,60,-5340,-17020,3859,
-2,4,60,-5340,-17020,3859,
6,3,55,-5040,-15598,3147,
6,3,55,-5040,-15598,3147,
12,-3,58,-6193,-15863,2558,
16,-2,52,-10385,-15085,884,
27,-6,54,-9642,-14335,1249,
27,-6,54,-9642,-14335,1249,
26,-7,41,-5950,-14501,-814,
37,-10,44,-6170,-11600,-210,
39,-11,42,-5896,-12774,-1538,
43,-10,34,-4485,-12135,-2150,
43,-10,34,-4485,-12135,-2150,
47,-14,29,-4089,-11821,-3082,
52,-11,25,-4758,-10647,-3874,
53,-11,24,-4441,-10686,-3547,
57,-8,15,-3758,-9609,-2335,
58,-8,14,-3785,-9450,-2213,
59,-6,7,-4528,-10870,-549,
59,-6,7,-4528,-10870,-549,
59,-7,7,-5399,-11111,-165,
58,-9,-3,-3464,-11189,-1233,
58,-10,-11,-2353,-8525,-1479,
57,-4,-28,193,-1951,-1285,
58,-3,-20,1602,4136,-15,
57,-3,-24,1854,5820,385,
56,-4,-17,1767,12558,2091,
54,-9,-5,4066,14165,1801,
53,-11,22,4495,16705,2056,
42,-7,16,5120,19983,437,
42,-7,16,5120,19983,437,
47,-3,47,4658,20181,1688,
30,-5,29,8439,17929,3964,
25,-5,49,8526,23495,4140,
29,-8,68,4813,23486,3829,
9,-6,47,7929,18203,-526,
8,0,60,8957,21598,-1952,
4,2,68,7429,15680,-3601,
4,2,68,7429,15680,-3601,
-1,6,62,6004,13754,-4111,
-13,11,52,5243,12888,-3626,
-13,11,52,5243,12888,-3626,
-18,12,54,6415,14684,-3137,
-25,12,63,6152,15448,-3538,
-25,12,63,6152,15448,-3538,
-28,13,66,2338,13456,-2082,
-32,14,74,-2055,6409,-1274,
-30,13,81,-3056,-1570,897,
-31,15,65,-2816,-9076,1071,
-27,14,63,-3054,-11304,1988,
-24,15,66,-4599,-12049,2644,
-16,10,60,-4634,-15284,4062,
-16,10,60,-4634,-15284,4062,
-11,8,64,-4580,-15833,4468,
0,3,63,-5912,-17881,4410,
3,2,61,-5135,-19069,4541,
12,-4,45,-4848,-19558,2536,
18,-4,45,-5391,-17660,1420,
18,-4,45,-5391,-17660,1420,
27,-6,42,-6840,-17436,-532,
31,-6,38,-6353,-16235,-1388,
38,-9,35,-6798,-16590,-2422,
44,-7,31,-4960,-14020,-3954,
49,-8,35,-6707,-15458,-3284,
45,-8,19,-6314,-15918,-3202,
55,-3,27,-5849,-11669,-3736,
52,-6,19,-5676,-16916,-2621,
60,-5,17,-5550,-11502,-548,
54,-8,-10,-4566,-11428,-1584,
58,-10,-7,-2241,-8477,-1276,
61,-7,-5,-1644,-6094,-2558,
61,-1,-12,-2003,-8877,-3112,
61,-1,-12,-2003,-8877,-3112,
60,0,-16,-1367,-8108,-2432,
59,0,-26,-2831,-4214,-170,
60,0,-27,-2098,-1947,639,
61,-2,-16,1157,2737,-233,
60,-2,-17,2160,2901,-375,
59,-2,-13,3091,6757,332,
59,-2,-13,2916,7342,269,
55,-4,0,4931,12210,843,
56,-1,-1,5223,11713,-271,
53,-2,0,5898,13611,1354,
53,-3,13,6903,15462,584,
53,-3,13,6903,15462,584,
50,-3,20,6910,17278,424,
41,0,24,8101,19381,327,
29,4,27,9171,25937,121,
19,1,73,4474,26005,2837,
19,1,73,4474,26005,2837,
8,3,65,6556,17091,-1479,
8,3,65,6556,17091,-1479,
6,2,68,2580,14232,-2192,
-3,7,55,696,9838,-3484,
-3,7,55,696,9838,-3484,
-5,5,62,2570,11078,-3649,
-9,14,61,884,10057,-5570,
-10,15,62,955,9727,-4707,
-15,16,58,2975,8777,-3526,
-22,15,61,3279,10148,-1697,
-25,17,71,1457,8768,-464,
-25,15,76,-577,4151,1132,
-25,13,77,-738,1104,1548,
-23,14,72,-2835,-4788,1859,
-20,13,61,-3526,-9281,2169,
-15,9,64,-4784,-11154,3030,
-14,5,60,-8019,-15168,538,
-14,5,60,-8019,-15168,538,
-7,6,59,-9420,-14355,928,
2,6,61,-5089,-18711,2435,
8,0,56,-3592,-19232,3970,
16,-3,52,-3674,-19367,3218,
16,-3,52,-3674,-19367,3218,
23,-7,50,-4578,-18218,2372,
28,-7,53,-5583,-17961,1510,
38,-9,42,-6537,-16586,-1949,
38,-9,42,-6537,-16586,-1949,
42,-9,44,-6948,-16760,-2209,
46,-8,22,-5736,-16535,-3652,
46,-8,22,-5736,-16535,-3652,
52,-7,28,-6539,-15273,-4008,
56,-6,13,-6877,-12960,-3450,
58,-7,17,-6531,-12948,-2950,
59,-5,7,-3856,-12311,-2706,
57,-7,-6,-2635,-13238,-2469,
58,-6,-8,-3458,-12421,-2120,
60,-3,-12,-3751,-10584,-1755,
58,-3,-20,-4473,-10378,-2128,
58,-3,-20,-4473,-10378,-2128,
55,-2,-30,-3191,-9343,-2043,
55,0,-32,-1702,-7507,-2273,
53,5,-46,787,-597,-613,
53,5,-46,787,-597,-613,
53,2,-39,2362,3341,633,
55,1,-36,4428,8873,2415,
55,0,-33,6786,11030,2527,
57,-3,-13,7092,15365,2009,
56,-6,-8,6969,15506,1909,
53,-3,0,5814,19541,3171,
53,-3,0,5814,19541,3171,
52,-7,9,6631,20580,3433,
49,-7,26,4912,17931,4080,
49,-7,26,4912,17931,4080,
47,-8,28,4620,18093,4101,
35,-4,36,6272,21663,1909,
35,-4,36,6272,21663,1909,
33,-4,41,5814,21895,2297,
27,-6,49,7778,21270,1779,
22,-1,59,9627,18632,-1380,
15,-3,64,2863,15525,-993,
0,2,53,5658,15281,-3125,
0,4,62,2946,16576,-4236,
-4,7,60,3590,15860,-3837,
-17,8,61,5695,15016,-4009,
-22,10,59,5209,15658,-4301,
-27,18,58,7351,18574,-4243,
-24,19,79,7540,15812,-2279,
-26,20,76,5833,12351,-1367,
-29,15,70,2366,5722,737,
-27,13,74,-1657,-571,929,
-29,18,56,-5959,-8854,2322,
-29,18,56,-5959,-8854,2322,
-24,16,64,-8904,-8923,3733,
-19,10,77,-9529,-14062,3089,
-19,8,53,-7558,-16976,3148,
-19,8,53,-7558,-16976,3148,
-8,3,65,-7753,-15296,1389,
-6,4,51,-5606,-17377,1981,
-6,4,51,-5606,-17377,1981,
8,-2,66,-5946,-14495,1704,
12,-1,54,-5923,-18035,205,
19,-4,53,-6067,-16301,1946,
24,-7,45,-5460,-17297,1599,
33,-9,47,-7332,-15849,870,
36,-11,34,-6554,-17244,-1078,
36,-11,34,-6554,-17244,-1078,
41,-14,36,-8081,-16657,-1575,
46,-12,24,-6746,-16467,-4225,
47,-13,17,-6748,-18027,-4132,
48,-14,5,-5541,-17156,-4600,
53,-8,-9,-5096,-16344,-3508,
60,-2,0,-4962,-13554,-2139,
55,-11,-11,-621,-16926,-443,
57,-11,-13,-3867,-10514,-1036,
59,-11,-9,-4559,-10442,-1394,
60,-7,-20,-5370,-6534,-3038,
59,-6,-24,-4188,-6980,-3474,
59,0,-33,-1117,-3573,-2115,
55,0,-37,1110,141,-172,
53,-3,-38,4194,7355,790,
53,-3,-38,4194,7355,790,
53,0,-37,6013,12350,282,
54,-4,-10,8299,17709,3166,
53,-7,-6,7162,19268,3626,
52,-7,14,6116,21678,2611,
47,-14,17,3112,20499,3680,
41,-15,22,3963,21718,1868,
31,-5,25,8702,19045,-2812,
31,-5,25,8702,19045,-2812,
35,-13,25,8312,17052,-2291,
30,1,49,5238,23542,-1010,
22,-1,54,4843,21803,-1283,
18,2,53,5881,21829,-1811,
17,2,71,3269,21104,-669,
5,0,59,4936,18177,-1570,
0,2,53,6250,18814,-2207,
0,0,75,3609,20261,-735,
-3,0,73,4278,14600,-2743,
-9,2,65,4787,12810,-3348,
-17,12,58,5979,15370,-2674,
-13,11,75,1652,10190,-758,
-23,13,80,670,10070,240,
-11,10,114,-6357,6100,1192,
-28,16,77,346,-13825,1254,
-15,9,60,-3544,-9801,4139,
-15,9,60,-3544,-9801,4139,
-13,9,55,-1617,-10656,2878,
-5,6,63,-3083,-7195,2850,
-5,6,63,-3083,-7195,2850,
-4,7,64,-3095,-9559,2088,
2,5,62,-4307,-8774,2768,
2,5,62,-4307,-8774,2768,
5,3,67,-5767,-12868,2410,
11,3,58,-6834,-14586,1887,
17,0,60,-6619,-14770,2744,
23,-3,52,-6625,-16156,2047,
23,-3,52,-6625,-16156,2047,
27,-5,56,-7551,-16117,2366,
36,-6,47,-7462,-17592,-3042,
36,-6,47,-7462,-17592,-3042,
38,-6,46,-8671,-18403,-1982,
40,-9,33,-7733,-18869,-2288,
45,-11,24,-6943,-20538,-3005,
52,-9,18,-7984,-17488,-2526,
54,-8,3,-8327,-15960,-426,
56,-12,0,-7560,-12823,-471,
57,-12,-4,-6584,-13526,-609,
56,-12,-14,-7205,-12312,-420,
55,-13,-22,-6122,-10271,-1232,
55,-13,-22,-6122,-10271,-1232,
54,-16,-27,-4229,-8127,-2310,
54,-8,-30,-1210,-6279,-5263,
56,0,-37,-1303,-3618,-5165,
56,5,-34,402,2598,-2164,
58,4,-32,1641,3426,-427,
58,2,-34,2767,4608,354,
54,-5,-25,4580,13847,416,
54,-5,-25,4580,13847,416,
55,-3,-19,5091,15192,-94,
53,-2,-3,9541,19421,1546,
53,-3,3,9176,19713,1739,
47,0,7,9517,22211,1887,
45,3,23,10919,24423,2175,
31,3,31,11581,27196,4650,
31,3,31,11581,27196,4650,
30,1,53,7927,27304,6852,
20,-8,54,10650,20144,2779,
14,-7,62,2389,18758,1352,
14,-7,62,2389,18758,1352,
1,8,51,6548,17334,-3957,
1,7,71,5229,19133,-2256,
-4,9,71,5820,15934,-1561,
-16,10,63,6954,14008,-2103,
-16,10,63,6954,14008,-2103,
-25,16,60,2794,11348,-2584,
-27,18,58,3201,11041,-2330,
-33,5,66,3119,8479,-3236,
-33,14,70,1056,7100,-4727,
-33,20,65,-1307,-8146,89,
-32,21,60,-1978,-9743,967,
-23,18,73,-4852,-12908,3445,
-22,15,68,-5487,-19106,4028,
-20,14,64,-7398,-20181,4398,
-5,4,60,-8710,-19338,2788,
-5,4,60,-8710,-19338,2788,
1,4,66,-9265,-19253,1373,
5,6,61,-8619,-22236,1914,
15,1,55,-7864,-24038,2014,
24,-1,50,-8933,-22823,1894,
31,-6,41,-7352,-23381,515,
31,-6,41,-7352,-23381,515,
38,-9,33,-7353,-21046,-1126,
44,-6,22,-10025,-19620,-1889,
44,-6,22,-10025,-19620,-1889,
52,-6,19,-9132,-16517,-2387,
53,-7,8,-8187,-17303,-1544,
56,-7,-1,-7522,-15571,-936,
56,-9,-7,-6054,-14836,-782,
56,-10,-11,-7146,-13925,-413,
56,-10,-19,-7482,-13697,-2102,
56,-8,-20,-5030,-10782,-3033,
55,-4,-33,-4343,-8924,-3476,
52,-1,-40,-3511,-7757,-3370,
50,1,-51,-900,-2263,-2886,
50,1,-51,-900,-2263,-2886,
47,5,-54,662,2079,-2859,
51,8,-47,5714,9869,-1063,
50,7,-45,7061,13789,-1130,
52,7,-15,7579,22002,1203,
52,3,-17,11041,19547,-188,
45,0,-2,9626,26776,1300,
42,0,10,12868,28532,116,
39,6,40,8499,31205,1216,
30,6,38,9098,27937,1099,
24,5,63,5418,27920,4403,
24,5,63,5418,27920,4403,
16,1,60,6966,23634,-547,
12,3,57,6460,22549,-2324,
0,11,70,2163,20353,-2708,
-12,9,68,4847,16961,-1916,
-20,12,65,6872,15248,-2632,
-20,12,65,6872,15248,-2632,
-23,21,62,3965,13269,-2188,
-27,19,56,3714,10997,-328,
-27,16,70,1282,5478,917,
-27,16,70,1282,5478,917,
-27,16,76,-1092,-1948,1155,
-26,18,63,-4547,-10652,1499,
-18,16,73,-7410,-14316,1768,
-20,17,59,-5321,-18733,1107,
-17,16,55,-6085,-18025,1662,
-4,11,74,-11788,-18034,2737,
-5,11,56,-8423,-21276,2420,
0,9,58,-7888,-20551,2869,
9,4,57,-7328,-20619,2826,
10,4,50,-6910,-20374,2496,
26,-4,58,-9380,-17720,1669,
27,-5,53,-8691,-19694,1417,
27,-5,53,-8691,-19694,1417,
35,-13,35,-8287,-21589,803,
35,-13,35,-8287,-21589,803,
40,-15,40,-8406,-20809,-607,
49,-12,23,-9240,-18761,-3669,
53,-10,26,-10587,-18796,-3715,
53,-10,26,-10587,-18796,-3715,
57,-7,6,-7896,-16924,-3318,
56,-8,2,-7908,-17645,-3637,
59,-6,-7,-7523,-15403,-1998,
53,-7,-22,-10110,-14223,-2711,
55,-4,-26,-9153,-10986,-3608,
56,-5,-27,-6038,-9214,-1387,
56,-3,-32,-4354,-9027,-1513,
51,2,-42,-2081,-8004,-2172,
51,2,-42,-2081,-8004,-2172,
46,5,-55,1778,-3875,-2676,
46,5,-55,1778,-3875,-2676,
47,5,-51,1154,467,-1671,
51,4,-45,990,3079,-890,
52,3,-42,1759,3583,-626,
54,2,-39,1645,4173,-383,
54,0,-36,2701,5238,-441,
55,0,-30,2829,5158,-616,
51,-3,-43,4204,9315,-1949,
51,-3,-43,4204,9315,-1949,
51,-3,-34,5921,10988,-2786,
52,0,-32,3870,11801,-4113,
51,8,-31,5319,22586,-1778,
51,8,-31,5319,22586,-1778,
47,8,-14,10941,25623,-2550,
43,16,7,7969,32767,-1655,
41,16,26,11316,31976,779,
32,18,36,8078,29731,-138,
32,18,36,8078,29731,-138,
37,15,70,889,24350,5176,
19,8,59,4763,19534,1935,
19,8,59,4763,19534,1935,
10,9,57,1776,13113,188,
10,9,57,1776,13113,188,
6,7,61,531,14482,376,
0,7,65,-13,11563,-1201,
0,7,65,-13,11563,-1201,
-5,11,58,1605,10158,-1799,
-9,11,56,3798,10867,-1590,
-14,15,62,3882,11361,-2569,
-14,15,62,3882,11361,-2569,
-18,17,59,3988,11385,-2221,
-17,18,75,2521,10096,-1173,
-14,19,85,-611,2545,-69,
-20,18,60,-2583,-7489,1934,
-20,18,60,-2583,-7489,1934,
-11,14,73,-5854,-9259,2416,
-10,14,61,-5155,-16003,1553,
-10,14,61,-5155,-16003,1553,
-2,10,69,-10240,-17072,2103,
3,9,57,-8529,-20389,2192,
12,4,60,-10887,-19760,2988,
18,0,50,-7995,-22295,2679,
18,0,50,-7995,-22295,2679,
27,-6,51,-8139,-20180,1606,
32,-8,49,-10788,-21605,899,
41,-11,38,-9089,-21271,-1365,
41,-11,38,-9089,-21271,-1365,
42,-12,32,-7906,-22032,-1821,
50,-12,15,-7087,-19791,-4494,
50,-12,15,-7087,-19791,-4494,
51,-10,10,-7712,-19361,-4469,
59,-4,6,-3733,-15547,-3271,
59,-4,6,-3733,-15547,-3271,
56,-8,0,-514,-17411,-3640,
55,-6,-22,-5409,-14680,-2808,
55,-6,-19,-4303,-14003,-3101,
52,-5,-33,-6206,-13082,-3816,
53,-3,-38,-4122,-10471,-3313,
53,-2,-37,-3328,-9191,-3323,
54,2,-40,-1777,-5818,-3452,
52,2,-40,203,-5278,-4041,
54,7,-43,156,-3851,-3008,
49,8,-49,-1113,-585,-579,
47,5,-54,681,2733,-129,
49,6,-48,3099,8242,259,
50,3,-42,4759,11562,556,
51,2,-29,5297,18921,708,
51,2,-29,5297,18921,708,
55,3,-14,4840,21176,340,
54,-3,0,2391,22785,3081,
54,-3,0,2391,22785,3081,
51,-4,3,3586,21382,321,
51,-4,3,3586,21382,321,
42,6,22,8556,29280,81,
42,6,22,8556,29280,81,
28,4,37,5385,28588,3563,
28,4,37,5385,28588,3563,
26,7,44,5781,29504,3425,
22,5,58,7422,27150,4254,
5,6,60,9042,18899,-1768,
5,6,60,9042,18899,-1768,
1,11,69,5232,16402,-2551,
-7,16,62,6479,13905,-2240,
-13,17,59,7443,14387,-2534,
-16,18,64,4426,12777,-2656,
-23,18,59,-723,7432,-1113,
-23,18,59,-723,7432,-1113,
-29,20,51,1786,4168,-688,
-26,18,57,1957,3452,-51,
-27,19,59,-285,-523,350,
-27,18,59,-1641,-3528,870,
-25,20,65,-3507,-7981,1155,
-25,20,65,-3507,-7981,1155,
-23,20,61,-4424,-11325,1876,
-20,18,63,-4352,-12547,2081,
-12,17,69,-5259,-17903,2915,
-12,17,69,-5259,-17903,2915,
5,10,76,-11946,-19543,5380,
5,9,50,-9027,-25372,4279,
5,9,50,-9027,-25372,4279,
21,1,55,-13250,-23328,4589,
21,1,55,-13250,-23328,4589,
25,-4,45,-11477,-23696,3742,
34,-10,36,-10411,-21744,576,
39,-11,28,-11199,-20408,-488,
48,-12,26,-8909,-17156,-3258,
48,-12,26,-8909,-17156,-3258,
47,-15,14,-9233,-18587,-4004,
55,-11,7,-8224,-16480,-4618,
54,-9,-12,-7886,-15601,-4288,
56,-8,-17,-7676,-13040,-3739,
60,-5,-22,-4730,-9014,-2943,
61,-3,-22,-3552,-7676,-2481,
61,-3,-20,-5211,-7200,-140,
61,-3,-20,-5211,-7200,-140,
61,-4,-18,-4458,-7537,-69,
58,-5,-24,-4532,-8254,-573,
56,-4,-31,-3997,-7914,-1155,
55,-4,-33,-3453,-7291,-1052,
51,-2,-52,1,-765,-568,
51,-2,-52,1,-765,-568,
50,-3,-49,2118,2381,-683,
52,1,-31,1592,20126,4086,
52,1,-31,1592,20126,4086,
57,-9,-8,6293,17660,4682,
57,-9,-8,6293,17660,4682,
55,-11,0,3568,17989,1665,
55,-12,13,4250,15669,808,
55,-12,13,4250,15669,808,
48,-7,7,5431,17863,-344,
39,-9,28,2889,19165,4185,
39,-9,28,2889,19165,4185,
34,-16,39,36,17894,2871,
28,-11,34,246,18893,1864,
19,-9,47,4710,17459,1209,
15,-8,47,5268,18153,1068,
7,-6,58,2268,14022,-611,
3,-7,57,3116,13995,-399,
-4,-5,63,2058,13051,-1110,
-4,-5,63,2058,13051,-1110,
-8,-5,61,4949,12425,-1564,
-11,-5,60,5529,12758,-2898,
-17,3,59,2872,13024,-2167,
-17,3,59,2872,13024,-2167,
-23,-1,56,5594,12409,-1636,
-23,5,66,3329,11845,-1533,
-24,9,70,3235,9915,-98,
-25,-3,84,2195,413,4329,
-25,-3,84,2195,413,4329,
-23,5,67,-4664,-8595,764,
-23,5,67,-4664,-8595,764,
-19,0,68,-3590,-17685,-29,
-14,2,55,-6584,-16780,1669,
-4,-4,61,-5974,-17534,1040,
-4,-4,61,-5974,-17534,1040,
1,-6,60,-5459,-17106,-1082,
14,-2,62,-6040,-19601,-36,
16,-8,51,-2299,-19866,-513,
20,-12,52,-3513,-18855,-584,
30,-10,50,-5577,-20294,-1352,
30,-10,50,-5577,-20294,-1352,
34,-15,43,-4344,-21872,-2029,
44,-8,33,-6873,-19236,-3028,
44,-12,18,-7114,-19291,-2229,
52,-9,15,-4936,-16940,-1428,
52,-9,15,-4936,-16940,-1428,
51,-12,6,-4360,-17278,-273,
58,-14,5,-3649,-12565,373,
55,-16,-9,-3245,-12878,-827,
55,-16,-9,-3245,-12878,-827,
59,-13,-3,-3451,-11999,-1367,
56,-11,-18,-5771,-12648,-1694,
54,-11,-23,-2805,-13736,-2806,
54,-7,-32,-3976,-11096,-2586,
53,-6,-37,-3295,-9833,-2398,
50,-1,-52,3102,2356,-831,
49,-3,-43,4592,4857,-946,
50,-3,-40,7616,13599,-234,
50,-3,-40,7616,13599,-234,
50,-4,-31,9186,15751,-552,
49,-1,-5,10687,20573,1022,
49,-1,-5,10687,20573,1022,
49,-3,1,9957,19049,1141,
50,-8,19,6485,21108,2930,
50,-11,23,8506,20036,1559,
45,-10,32,6999,20347,344,
42,-8,41,4065,21888,59,
29,-8,44,4873,20189,-1630,
29,-8,44,4873,20189,-1630,
25,-11,57,-1179,22263,-3056,
17,-4,51,-1220,21265,-4761,
19,-3,80,-5635,17666,-2878,
19,-3,80,-5635,17666,-2878,
2,-6,55,782,11726,-3303,
3,-1,69,-821,13221,-1570,
-4,-7,59,2692,12605,-284,
-12,0,52,4465,15388,-2386,
-17,0,62,1907,16835,523,
-18,-1,78,2907,10252,-1000,
-16,0,89,-51,6545,-190,
-24,-1,60,-605,-10631,2422,
-21,-2,58,-1916,-9825,2394,
-6,0,72,-1929,-10647,2791,
-6,0,72,-1929,-10647,2791,
-6,0,69,-1563,-13105,3886,
2,-4,67,-5566,-13179,1761,
2,-4,67,-5566,-13179,1761,
2,-3,63,-3655,-14761,1861,
5,-6,52,-2386,-14274,1076,
14,-6,58,-4364,-14845,880,
18,-8,53,-3313,-15512,947,
23,-14,49,-3717,-17106,223,
30,-12,43,-3438,-14505,-1260,
36,-11,42,-4471,-15311,-2148,
36,-11,42,-4471,-15311,-2148,
41,-9,35,-1423,-14510,-2045,
46,-11,28,-1438,-13535,-1837,
46,-11,28,-1438,-13535,-1837,
51,-8,25,-2175,-10131,-864,
52,-13,18,-2777,-10992,-54,
52,-13,18,-2777,-10992,-54,
56,-12,20,-4271,-9339,551,
56,-14,14,-4331,-10914,-145,
56,-15,9,-3618,-11165,-585,
58,-14,8,-3355,-10530,-1175,
56,-12,-7,-3749,-11434,-1556,
56,-12,-7,-3749,-11434,-1556,
60,-9,1,-4154,-10011,-1406,
58,-12,-14,-4176,-9266,-1859,
58,-12,-14,-4176,-9266,-1859,
58,-12,-12,-1133,-10068,-2551,
60,-6,-21,-3320,-6223,-3113,
58,-5,-24,-655,-6385,-3799,
56,0,-40,-1092,-2693,-2641,
55,1,-38,1085,2721,-755,
54,0,-37,3162,8688,995,
56,0,-22,5294,14139,2298,
53,-9,-13,4995,16681,2091,
51,-7,-6,4536,21174,1472,
50,-7,0,5456,23759,875,
45,-7,27,8016,24358,382,
45,-7,27,8016,24358,382,
46,-6,36,5934,23153,270,
32,-3,33,4226,20924,3170,
30,-5,42,5170,22118,2971,
13,-10,55,1841,23910,-1610,
9,-5,71,2759,17036,-2283,
9,-5,71,2759,17036,-2283,
0,0,58,5128,14422,-3334,
0,0,65,405,11494,-2994,
0,0,65,405,11494,-2994,
-6,0,57,186,10130,-3355,
-14,2,56,3514,11987,-1234,
-19,-1,60,4398,12679,-1413,
-25,4,58,2530,12676,-2155,
-27,2,69,1931,9418,-1485,
-27,2,69,1931,9418,-1485,
-26,8,78,-1096,3921,324,
-27,4,68,1070,-6395,3146,
-27,4,68,1070,-6395,3146,
-25,3,66,-1876,-9611,2628,
-16,7,72,-6094,-13508,3133,
-16,7,72,-6094,-13508,3133,
-15,6,70,-5882,-15856,3799,
-5,-1,64,-3220,-16107,5124,
-2,0,62,-2966,-16776,4397,
12,-4,63,-4938,-14109,4763,
12,-4,63,-4938,-14109,4763,
20,-10,56,-7145,-15439,3863,
19,-11,51,-7317,-15929,3447,
27,-8,49,-7314,-14653,2003,
31,-15,40,-5505,-14501,580,
37,-15,39,-6435,-13648,148,
43,-15,33,-5368,-12959,-1381,
43,-15,33,-5368,-12959,-1381,
45,-16,28,-5199,-12913,-1796,
52,-15,27,-6371,-11588,-2005,
52,-15,27,-6371,-11588,-2005,
52,-17,18,-5473,-11913,-1957,
55,-15,14,-6452,-11265,-2264,
55,-15,4,-5553,-11378,-1988,
58,-13,3,-5737,-10739,-865,
58,-13,3,-5737,-10739,-865,
59,-15,-2,-5386,-10419,-538,
58,-16,-9,-4832,-9258,-166,
58,-16,-9,-4832,-9258,-166,
58,-16,-12,-4538,-8981,-574,
58,-15,-16,-4547,-8515,-1225,
57,-13,-24,-2583,-5573,-1609,
54,-9,-38,-563,-1852,-1673,
53,-7,-34,2318,7961,-673,
54,-4,-29,428,14033,1627,
52,-10,-8,7483,18399,3447,
52,-10,-8,7483,18399,3447,
47,-16,-1,11045,21696,2510,
48,-15,28,8491,23551,630,
46,-13,29,7336,21014,20,
48,-12,53,2100,15284,507,
37,-12,36,3946,10999,416,
33,-4,50,5120,19415,719,
33,-4,50,5120,19415,719,
31,-10,58,3456,14113,2508,
21,-9,44,5462,12906,1197,
13,-4,45,5050,18973,1431,
16,-10,73,2329,18604,2801,
12,-9,70,4207,14976,1426,
3,-5,71,3305,14308,-1174,
1,-3,69,2650,12087,-1589,
-8,2,52,6061,11273,-2427,
-9,2,62,4522,14129,-2274,
-9,1,70,2205,13843,-1377,
-21,5,55,4129,13057,-1737,
-19,5,70,5641,11816,-1596,
-18,5,87,-760,-15,535,
-23,6,70,-2518,-9054,1216,
-16,2,72,-7071,-12946,1286,
-12,2,69,-7363,-16995,1034,
-4,2,67,-5985,-19949,2019,
1,-2,61,-5046,-20768,2374,
8,-5,61,-4741,-22296,2080,
19,-7,51,-5925,-20082,1226,
19,-7,51,-5925,-20082,1226,
25,-9,47,-5050,-19667,445,
33,-11,40,-3958,-19261,-609,
35,-13,36,-3110,-18984,-972,
43,-14,23,-1437,-16123,-1293,
43,-14,23,-1437,-16123,-1293,
48,-10,23,-1826,-14226,-1950,
53,-11,18,-5539,-13376,-1071,
53,-11,18,-5539,-13376,-1071,
54,-10,12,-4958,-13043,-1184,
57,-10,6,-4266,-13075,1223,
57,-10,6,-4266,-13075,1223,
57,-15,12,-5489,-14356,758,
56,-17,-11,-4279,-12659,-2407,
56,-14,-15,-4799,-11995,-3263,
60,-9,-15,-2878,-10899,-2624,
59,-10,-23,-5557,-10571,-2313,
59,-10,-23,-5557,-10571,-2313,
57,-9,-26,-5298,-9362,-2388,
52,-4,-43,-2086,-6513,-3345,
52,-4,-43,-2086,-6513,-3345,
49,1,-54,2426,-178,-2580,
51,2,-45,5030,8067,-1050,
54,0,-37,7199,13704,1650,
53,-6,-17,9258,20372,1897,
54,-4,-6,5868,22064,2243,
54,-2,-3,6962,22191,2403,
47,-7,1,9222,24270,2455,
45,-8,9,8098,25700,2779,
41,-7,19,6895,26685,2039,
37,-5,33,6327,27090,2509,
35,-4,38,6123,26645,3403,
30,-5,50,4797,25915,3370,
18,-9,52,7238,20051,707,
18,-9,52,7238,20051,707,
16,-7,66,2692,20911,818,
2,-2,57,4105,15832,-2081,
2,-4,74,3973,17006,-1738,
-6,0,58,4349,13897,-3047,
-6,0,58,4349,13897,-3047,
-7,2,67,3376,14232,-2665,
-17,5,58,2939,10317,-2117,
-21,6,55,2708,11457,-1120,
-20,5,71,3691,9007,611,
-20,5,73,988,4409,179,
-21,7,75,-1811,-6745,1174,
-23,7,59,-2784,-9802,1435,
-18,4,67,-3945,-9834,1843,
-11,3,66,-6987,-16611,1288,
-8,4,64,-6753,-17188,1787,
0,1,50,-4861,-20132,1939,
4,0,46,-4346,-18122,2143,
16,-8,64,-6448,-17618,3289,
14,-7,52,-4560,-19413,1552,
28,-11,55,-5857,-16307,180,
33,-15,43,-5323,-16761,-510,
33,-15,43,-5323,-16761,-510,
38,-15,27,-4695,-17664,-3385,
48,-13,35,-6728,-15203,-2968,
50,-10,17,-6027,-13975,-3953,
50,-10,17,-6027,-13975,-3953,
52,-10,13,-6046,-14309,-2879,
56,-6,9,-5965,-10685,-1924,
56,-12,-2,-5362,-10350,-902,
56,-12,-2,-5362,-10350,-902,
59,-12,4,-3922,-9253,-997,
60,-12,-2,-4677,-9303,-1513,
60,-12,-2,-4677,-9303,-1513,
61,-10,-3,-4892,-9503,-1584,
60,-10,-12,-4562,-9561,-1893,
60,-10,-12,-4562,-9561,-1893,
60,-9,-11,-2878,-9761,-1776,
57,-7,-27,-3406,-9649,324,
57,-7,-27,-3406,-9649,324,
55,-8,-31,-3390,-8381,508,
50,-6,-56,1672,997,-176,
48,-8,-52,3520,5559,-581,
50,-2,-37,7901,20073,-1216,
50,-2,-37,7901,20073,-1216,
50,-1,-25,9046,24000,-622,
51,-1,6,10171,25843,180,
51,-1,6,10171,25843,180,
49,-4,22,3346,22282,2378,
49,-4,22,3346,22282,2378,
43,-9,38,4859,22354,3182,
42,-13,47,1773,18280,2876,
32,-8,46,2374,18001,1959,
29,-11,54,3015,15754,1328,
17,-3,51,5359,18303,-945,
16,-10,67,1656,18203,-543,
7,0,60,2136,14605,-1599,
5,-4,62,4152,13791,-968,
-3,-2,58,2072,10422,-2487,
-3,-2,58,2072,10422,-2487,
-7,0,53,4291,10712,-2381,
-8,-3,61,5035,11988,-1750,
-15,3,61,2724,11168,-2372,
-15,3,61,2724,11168,-2372,
-21,3,56,3629,11576,-2907,
-20,7,69,3165,9301,-1580,
-20,7,69,3165,9301,-1580,
-19,5,83,1978,2763,706,
-23,7,74,-3069,-12415,2659,
-20,4,64,-5523,-14675,3730,
-11,3,69,-7384,-16026,3312,
-9,2,69,-7006,-17615,3576,
-5,3,61,-7073,-18461,4555,
5,-1,60,-5759,-18379,4334,
11,-3,55,-3366,-18481,4718,
20,-9,57,-4679,-20558,4343,
23,-12,44,-4403,-20243,2846,
34,-13,47,-6123,-20787,773,
35,-17,31,-3851,-21359,-203,
40,-16,32,-4358,-19754,-1309,
49,-15,20,-8072,-17392,-2976,
51,-14,19,-8239,-17076,-3599,
51,-11,-2,-8960,-17521,-2707,
57,-11,1,-7933,-14561,-2852,
57,-11,-8,-4863,-14095,-3640,
57,-8,-17,-3991,-13357,-3398,
56,-6,-25,-5041,-11730,-3452,
56,-6,-25,-5041,-11730,-3452,
56,-4,-31,-5483,-9479,-3179,
53,1,-45,-1559,-7250,-3582,
53,5,-53,-1573,-4555,-2575,
50,0,-52,2061,3774,899,
55,0,-33,5670,9731,1106,
54,-4,-30,4738,13249,2000,
54,-4,-22,3921,17476,2660,
52,-8,-6,6136,19950,2760,
46,-9,2,4270,25480,3092,
42,-9,29,6407,26355,4487,
36,-5,48,1775,24871,5666,
31,-13,53,509,22768,7958,
16,-10,57,8526,22282,1400,
16,-10,57,8526,22282,1400,
18,-16,73,5799,21546,1944,
4,-9,67,5028,14640,-1850,
6,-10,76,2920,13827,-2536,
-5,-1,54,2816,9481,-2877,
-5,-1,54,2816,9481,-2877,
-8,0,52,5243,13615,-3210,
-8,-3,64,5492,14353,-2352,
-19,2,55,6405,14076,-2273,
-23,5,63,6642,14449,-2238,
-17,4,100,-2659,5684,-348,
-23,3,85,-2731,-9221,849,
-21,2,58,-4609,-13321,735,
-12,1,66,-8052,-12355,806,
-7,0,64,-6731,-16547,1373,
-6,-1,60,-6921,-17091,1921,
2,-5,51,-3853,-20996,1735,
2,-5,51,-3853,-20996,1735,
9,-6,54,-5389,-19523,1964,
21,-13,46,-4793,-18728,60,
21,-13,46,-4793,-18728,60,
26,-13,50,-6250,-18054,-72,
28,-16,40,-4926,-18319,-1235,
38,-15,42,-5882,-17503,-2803,
40,-16,33,-4660,-18747,-4030,
47,-14,21,-5031,-18614,-4360,
51,-12,13,-5502,-16465,-3651,
56,-11,7,-6038,-15256,-2792,
57,-11,-3,-5162,-13755,-2308,
59,-9,-2,-4689,-12737,-2114,
58,-11,-13,-4091,-12153,-1671,
62,-9,-7,-4429,-9544,-1290,
59,-10,-15,-4510,-10723,-1472,
57,-10,-17,-4659,-11065,-1971,
53,-4,-32,-6369,-9512,-2534,
52,8,-46,-8215,-6274,1545,
50,3,-56,-5782,-3209,3999,
50,-5,-40,7294,11455,470,
50,-5,-40,7294,11455,470,
52,-5,-36,9072,13396,88,
55,-6,-14,10386,19468,709,
55,-6,-14,10386,19468,709,
52,-6,-3,4538,21616,1602,
51,-8,19,9702,19974,1029,
37,-3,18,8533,25577,2737,
32,-4,35,11274,27337,3163,
26,-9,56,1801,24457,2735,
14,-3,45,9763,23256,93,
14,-9,74,2297,20048,-172,
2,-5,59,5561,15744,-1260,
0,-1,61,4448,17110,-2770,
-9,3,62,5563,14789,-1325,
-15,1,57,5464,15064,-1449,
-26,7,59,8525,20597,-1448,
-26,7,59,8525,20597,-1448,
-24,6,74,6972,19260,-928,
-25,7,85,4610,10651,-1490,
-28,8,77,170,1023,-132,
-28,8,77,-1540,-2999,293,
-26,8,61,-3033,-14170,1532,
-26,8,61,-3033,-14170,1532,
-23,6,60,-4251,-13921,2117,
-11,6,65,-4800,-16074,1579,
-9,7,64,-5083,-16956,2167,
0,-6,64,-6237,-17444,1107,
2,-3,53,-6550,-18049,-1743,
14,-1,60,-9617,-16762,-1516,
18,-6,50,-5266,-19679,-2243,
18,-6,50,-5266,-19679,-2243,
27,-4,46,-6030,-17320,-1918,
31,-9,35,-3611,-18096,-1273,
31,-9,35,-3611,-18096,-1273,
41,-9,40,-3811,-14422,-1238,
45,-9,46,-4336,-15106,-1011,
43,-9,25,-3657,-16095,-1171,
49,-11,30,-4766,-14662,-193,
52,-12,19,-3788,-15268,-1679,
53,-11,10,-4947,-13545,-1063,
56,-14,8,-3266,-11808,-2939,
56,-14,3,-3182,-11354,-3959,
57,-7,-6,-1779,-14031,-4201,
57,-7,-6,-1779,-14031,-4201,
59,-2,-8,-3790,-12709,-3534,
59,-5,-12,-3122,-13068,-2282,
58,-5,-15,-2894,-12536,-2620,
57,-6,-19,-2668,-12902,-3037,
56,-3,-27,-3598,-11902,-3306,
54,0,-39,-3261,-8767,-3114,
51,5,-60,-1637,-2239,-2440,
50,7,-41,5455,11739,-2124,
50,7,-41,5455,11739,-2124,
55,9,-29,7416,11892,-807,
53,0,-3,5676,20887,3158,
50,-5,4,5484,22802,3333,
50,-5,4,5484,22802,3333,
48,-2,15,8108,23729,1761,
43,-3,33,6991,25483,1854,
43,-3,33,6991,25483,1854,
37,0,35,5686,24158,1072,
33,6,64,2711,26811,3358,
33,6,64,2711,26811,3358,
23,-4,62,1428,20103,5330,
15,-4,53,4317,18891,3454,
17,-4,76,-154,18661,1753,
3,-3,62,2101,12695,-418,
-8,7,50,9118,22254,-780,
-8,7,50,9118,22254,-780,
-5,3,78,10690,20519,-1727,
-20,10,60,7347,16839,-3147,
-20,11,65,5299,14023,-3029,
-25,13,66,1098,7020,-638,
-25,13,66,1098,7020,-638,
-28,12,72,-2151,-114,1610,
-24,16,77,-1880,-11113,-480,
-22,16,64,-4942,-15100,2059,
-11,8,70,-6547,-17538,3132,
-8,10,62,-8139,-19293,2791,
-8,10,62,-8139,-19293,2791,
-5,11,58,-7401,-19073,2930,
10,2,60,-6229,-18955,4028,
11,1,54,-5903,-19489,3877,
24,-5,49,-7180,-17502,2559,
24,-5,49,-7180,-17502,2559,
27,-8,48,-7374,-17218,1926,
39,-10,45,-6819,-17077,-974,
38,-11,37,-6380,-17930,-1217,
46,-9,26,-5689,-17047,-2713,
46,-9,26,-5689,-17047,-2713,
48,-9,21,-5808,-15992,-3102,
55,-7,22,-6234,-15642,-2897,
55,-7,22,-6234,-15642,-2897,
53,-9,5,-6782,-16424,-2054,
56,-9,-2,-7085,-15230,-1145,
58,-9,-5,-4664,-14022,-2067,
60,-7,-6,-4148,-12648,-2317,
59,-5,-16,-3443,-11525,-3444,
57,-4,-24,-3413,-11610,-3152,
54,-1,-32,-4118,-10930,-2633,
54,1,-38,-3441,-9692,-2294,
49,4,-59,-400,-910,-739,
48,2,-50,4014,6027,-539,
52,2,-44,5139,11413,221,
53,1,-40,5106,14389,828,
52,0,-28,5903,19551,508,
55,-1,-9,3654,21018,1037,
56,0,-4,5588,20624,1061,
48,-1,5,5869,23434,1696,
47,0,13,6271,24569,1838,
49,-2,34,3593,23342,3315,
37,-3,33,4585,23082,2602,
36,-3,46,3679,22729,2869,
20,-3,46,4607,23271,2818,
19,-4,66,6003,22444,1954,
8,0,60,8164,16876,-250,
7,0,72,4235,15573,-1010,
-1,5,63,3401,11501,-2306,
-1,8,67,2864,11339,-2081,
-11,8,56,4272,9823,-1696,
-16,7,56,4083,12163,-2013,
-15,11,72,1680,11004,-1250,
-15,11,72,1680,11004,-1250,
-14,10,84,-1609,4561,30,
-15,9,83,-1556,-620,630,
-17,10,65,-2830,-8407,992,
-17,10,65,-2830,-8407,992,
-9,6,81,-7779,-12448,1468,
-8,6,61,-7463,-18199,1667,
-8,6,61,-7463,-18199,1667,
1,4,67,-8148,-18835,3095,
16,-6,51,-7012,-16878,1893,
16,-6,51,-7012,-16878,1893,
23,-6,51,-10273,-17790,2131,
30,-9,51,-9356,-17502,2259,
36,-15,43,-8953,-18256,570,
36,-15,43,-8953,-18256,570,
37,-18,31,-8663,-18081,-424,
44,-18,23,-8975,-17672,-2467,
44,-18,23,-8975,-17672,-2467,
50,-18,22,-8941,-15084,-3316,
50,-19,18,-9652,-15473,-2730,
53,-18,1,-5919,-13516,-1969,
54,-19,1,-5223,-12618,-1917,
57,-17,-7,-3581,-10552,-2701,
56,-16,-11,-2958,-10589,-2950,
58,-13,-16,-5226,-11238,-2499,
58,-13,-16,-5226,-11238,-2499,
57,-15,-17,-4920,-11383,-2693,
56,-11,-17,-6054,-11901,-3986,
52,-13,-30,-5462,-15618,-7373,
52,-7,-41,-5830,-14966,-8121,
47,5,-56,-576,-8840,-7602,
46,8,-67,1057,-771,-2553,
44,2,-56,5813,7096,50,
47,-2,-47,7256,13953,1067,
47,-2,-47,7256,13953,1067,
52,0,-30,10244,18271,1539,
50,-8,-17,4230,21689,979,
50,-8,-17,4230,21689,979,
59,-1,9,3476,20869,1348,
51,-10,-7,5735,17618,1086,
51,-10,-7,5735,17618,1086,
52,-6,16,4997,21729,506,
44,-5,11,8591,20727,232,
43,0,37,6871,25255,1612,
31,-5,35,8090,19548,1124,
31,-5,35,8090,19548,1124,
24,0,30,7896,22519,783,
23,-7,72,2781,17739,2841,
23,-7,72,2781,17739,2841,
15,-5,56,6254,14681,908,
15,-1,79,469,17166,-1066,
10,0,75,711,13403,-1247,
-5,7,54,5225,13184,-479,
-7,5,59,4846,14279,219,
-13,8,59,6473,14402,-213,
-13,9,78,6128,11270,-232,
-13,9,78,6128,11270,-232,
-12,11,90,-2084,-2732,612,
-18,12,63,-1827,-10444,1508,
-9,6,70,-5775,-10780,1959,
-9,6,70,-5775,-10780,1959,
-5,9,65,-6853,-15485,1127,
1,6,70,-7574,-18360,2208,
6,0,61,-7548,-22644,2291,
6,0,61,-7548,-22644,2291,
16,-1,56,-8425,-21347,1651,
26,-4,50,-8178,-20913,297,
30,-8,40,-7579,-19824,-663,
38,-12,37,-7221,-20246,-1960,
38,-12,37,-7221,-20246,-1960,
41,-11,32,-6387,-20045,-3021,
46,-10,24,-6907,-17980,-3718,
51,-7,14,-5884,-16812,-4211,
56,-4,12,-6424,-14535,-3646,
57,-6,4,-5063,-14144,-2073,
57,-6,-4,-5738,-14084,-1939,
57,-8,-8,-7959,-15778,-1988,
56,-5,-20,-7400,-14592,-3098,
56,-2,-28,-4275,-12251,-4525,
56,-2,-28,-4275,-12251,-4525,
56,2,-29,-3155,-11103,-3918,
53,7,-47,-2697,-6351,-1883,
49,10,-55,105,-136,-234,
50,5,-43,4408,8324,1442,
50,5,-43,4408,8324,1442,
51,3,-38,5794,12288,2152,
53,3,-33,5981,14124,2641,
52,-4,-15,7724,19803,905,
52,-4,-15,7724,19803,905,
56,-2,-3,5684,19618,713,
52,-2,-4,3824,19050,2269,
47,-1,-5,7795,21316,2396,
44,0,31,8909,23602,2704,
44,0,31,8909,23602,2704,
40,-3,32,6353,23929,3510,
35,-1,49,4564,23561,2396,
28,-3,53,4192,20979,3030,
20,-6,58,3246,16452,259,
13,-4,57,1419,17510,-641,
11,-4,71,1240,16210,-931,
9,-4,71,2456,14086,-1496,
1,0,60,5616,11638,-2329,
-1,3,63,4409,13138,-2400,
-6,7,60,6628,11768,-1947,
-11,9,56,7105,12007,-2277,
-16,13,58,5301,13504,-1882,
-17,14,71,3780,11587,131,
-16,10,88,-786,-2207,1525,
-16,10,88,-786,-2207,1525,
-18,12,81,-2617,-7335,1568,
-12,10,69,-6549,-15651,1995,
-11,10,65,-6283,-16625,1645,
2,5,65,-7375,-18458,4158,
2,5,65,-7375,-18458,4158,
4,3,66,-8452,-19383,3669,
17,-4,57,-7786,-19435,3226,
20,-5,58,-7423,-20001,2186,
21,-8,42,-7305,-20313,1461,
36,-8,50,-7857,-17749,-245,
36,-8,50,-7857,-17749,-245,
39,-5,34,-8307,-18976,2752,
45,-18,37,-6468,-18366,-723,
45,-18,37,-6468,-18366,-723,
43,-18,14,-7528,-18323,-3187,
49,-14,17,-8239,-16273,-4224,
50,-15,12,-7902,-16613,-5295,
55,-10,3,-9244,-13813,-5315,
56,-10,3,-8475,-13067,-4850,
58,-6,1,-6449,-13183,-5983,
59,-4,-9,-3983,-12123,-4448,
58,-4,-14,-5698,-12832,-2914,
58,-4,-14,-5698,-12832,-2914,
57,-5,-23,-3737,-11745,-2424,
56,-2,-31,-4145,-10610,-2734,
57,-1,-35,-2436,-7918,-2090,
56,-2,-33,-1567,-7006,-2116,
54,2,-43,-1890,-4993,-2392,
50,6,-54,975,305,-1805,
51,7,-44,2899,7677,511,
51,7,-44,2899,7677,511,
52,5,-44,6552,12630,2007,
52,-1,-27,6581,18289,3126,
55,-3,-10,5806,19682,1410,
56,-3,10,6359,19584,1788,
50,-1,0,5856,19407,1050,
46,-3,24,7555,23775,2010,
46,-3,24,7555,23775,2010,
39,-3,26,4855,23680,1885,
35,-3,54,3282,25545,3714,
35,-3,54,3282,25545,3714,
24,-4,47,5519,22556,2429,
21,-2,49,5877,23291,1455,
13,0,65,4549,18719,-459,
8,1,61,5432,17517,-808,
-1,2,62,2269,13504,-280,
-7,5,54,2763,13545,194,
-14,2,63,8626,14647,-1571,
-14,2,63,8626,14647,-1571,
-22,10,63,4745,14410,-2267,
-22,10,63,4745,14410,-2267,
-23,12,73,1924,7734,-1257,
-23,12,73,1924,7734,-1257,
-22,11,80,-922,-2305,1014,
-24,12,69,-1599,-9358,1555,
-19,7,66,-5808,-14046,2053,
-15,6,64,-6153,-15461,611,
-4,6,68,-8048,-18439,1973,
0,5,61,-5392,-20464,1473,
9,1,64,-6714,-20627,2894,
15,-3,54,-6606,-22449,1196,
26,-3,58,-8227,-22712,568,
30,-9,40,-7892,-24894,-1173,
30,-9,40,-7892,-24894,-1173,
33,-10,36,-8135,-24081,-2137,
42,-11,20,-8153,-23876,-5296,
42,-11,20,-8153,-23876,-5296,
45,-8,12,-7855,-21619,-5804,
52,-7,-3,-5644,-19303,-5275,
52,-7,-3,-5644,-19303,-5275,
54,-4,-2,-5902,-17333,-4754,
55,-2,-20,-4337,-16568,-4137,
57,0,-19,-4651,-14760,-3754,
54,2,-27,-5065,-12817,-3655,
54,2,-27,-5065,-12817,-3655,
53,2,-29,-4878,-12782,-3922,
51,7,-40,-2446,-12092,-4852,
45,14,-64,-2226,-4438,-1737,
45,14,-64,-2226,-4438,-1737,
46,14,-60,2334,4929,478,
50,10,-45,4998,10881,1294,
50,10,-45,4998,10881,1294,
51,8,-39,6559,16558,2987,
53,1,-21,6150,18830,2718,
52,0,-14,4199,23924,1300,
48,0,1,8825,25800,3015,
48,0,1,8825,25800,3015,
47,0,16,6019,26351,3047,
38,-3,26,6650,25504,2725,
38,-3,26,6650,25504,2725,
35,3,43,5574,27568,2768,
29,-10,56,2906,19907,4500,
21,-7,44,5522,18721,1507,
20,-2,56,2965,22076,781,
10,-3,61,4095,17525,-1336,
10,-3,61,4095,17525,-1336,
3,3,59,5654,17493,-3421,
0,6,68,2868,13616,-1792,
0,6,68,2868,13616,-1792,
-8,9,59,3862,12165,-1470,
-13,6,58,5882,13070,-431,
-17,10,64,5322,14024,-1092,
-16,9,87,1350,5871,62,
-21,11,75,29,-2516,90,
-18,12,64,-2395,-6972,646,
-18,12,64,-2395,-6972,646,
-11,10,72,-4950,-9023,1370,
-10,8,65,-4870,-14443,1579,
-4,6,65,-6659,-15640,2582,
0,4,68,-7777,-16332,2231,
10,0,66,-7640,-22259,1798,
10,0,66,-7640,-22259,1798,
14,-2,67,-8197,-23546,1941,
17,-1,52,-7442,-25882,261,
27,-6,52,-9015,-24795,-55,
28,-7,47,-8926,-25511,-682,
37,-10,33,-8438,-23801,-3669,
42,-8,25,-8397,-23110,-5096,
51,-4,15,-6348,-19817,-5424,
51,-4,15,-6348,-19817,-5424,
52,-5,4,-7097,-19366,-4349,
57,0,2,-4203,-18322,-4117,
57,0,2,-4203,-18322,-4117,
56,0,-15,-4179,-16846,-3240,
53,0,-28,-5408,-16113,-2303,
53,0,-28,-5408,-16113,-2303,
53,0,-35,-3843,-13662,-1700,
51,0,-38,-3541,-11636,-1680,
49,5,-54,-2423,-5010,-905,
47,5,-56,180,1239,-579,
48,8,-53,839,3945,-709,
52,8,-44,1947,7797,1353,
53,6,-40,2934,9464,2363,
53,4,-28,7660,16924,2091,
53,4,-28,7660,16924,2091,
53,2,-25,7638,18785,1708,
55,-2,1,6060,21067,3012,
55,-2,1,6060,21067,3012,
54,-4,4,6719,20434,2384,
51,-5,26,3514,19968,1076,
51,-5,26,3514,19968,1076,
48,-5,23,4543,19038,673,
40,0,37,4897,21814,941,
40,0,37,4897,21814,941,
38,0,42,3083,21801,1437,
28,-1,44,4478,20957,2955,
29,7,68,3325,20874,2698,
29,7,68,3325,20874,2698,
17,-3,63,4545,14471,4717,
14,-1,69,3204,14614,1895,
14,-1,69,3204,14614,1895,
11,0,69,1737,9840,188,
1,4,57,1493,9700,637,
1,2,65,2126,10144,190,
-7,4,58,958,7804,-572,
-10,4,53,3399,9526,-620,
-8,4,64,907,11466,-730,
-10,4,70,1179,8835,-1149,
-6,3,96,-2974,-1248,792,
-10,6,75,-4622,-13037,1509,
-10,6,75,-4622,-13037,1509,
0,0,80,-5839,-20281,2617,
0,2,58,-3996,-23040,2915,
16,-7,68,-6487,-21609,2106,
13,-1,41,-3060,-21537,-1676,
30,-8,67,-9037,-16992,-857,
27,-10,63,-7178,-20851,-2892,
29,0,43,-5411,-22158,-5293,
35,-3,31,-3505,-24272,-5186,
42,0,20,-3296,-23641,-4849,
50,1,7,-5423,-19455,-2788,
50,1,7,-5423,-19455,-2788,
53,0,-1,-3813,-17105,-1527,
56,-6,1,-8105,-16651,116,
56,-6,1,-8105,-16651,116,
56,-2,-11,-5085,-15896,-2269,
58,-2,-24,-2275,-12903,-3107,
59,3,-29,-1132,-10857,-3811,
59,4,-35,-854,-9437,-3175,
60,6,-29,633,-2008,159,
58,5,-28,-2,-1758,541,
57,1,-27,295,-68,2033,
57,1,-27,295,-68,2033,
58,0,-25,-173,-76,2083,
58,-2,-28,-305,173,1348,
58,-1,-28,-316,482,1687,
58,-1,-28,-316,482,1687,
59,0,-28,232,102,680,

