28,14,52,2708,-168,1016,
28,14,52,2708,-168,1016,
30,10,55,-345,-2489,1968,
30,10,55,-345,-2489,1968,
30,11,46,1659,-2799,1273,
27,16,46,5642,-814,18,
31,22,38,-5365,-392,4622,
29,16,43,4973,5314,10422,
23,12,47,7369,7287,13656,
18,8,57,7068,10682,13476,
16,7,56,1129,7382,10544,
13,7,51,-3222,7139,10938,
13,7,51,-3222,7139,10938,
10,4,57,-6721,8632,10945,
5,-3,60,-5337,6561,13255,
5,-3,60,-5337,6561,13255,
2,0,50,-9277,5835,15895,
0,-10,56,966,6010,12342,
0,-10,56,966,6010,12342,
0,-14,63,-1092,6473,9800,
-1,-21,76,1889,2457,3330,
-1,-21,76,1889,2457,3330,
-7,-23,75,1652,-1926,-1697,
-5,-14,68,2182,-6418,-9421,
-5,-14,68,2182,-6418,-9421,
-8,-25,59,2630,-8454,-14778,
-3,-10,50,-6626,2082,-22732,
5,-4,60,-2019,3156,-22115,
4,-9,61,-329,925,-21919,
-3,8,53,-4781,2071,-27362,
0,12,67,-5597,1963,-25511,
3,9,58,-1106,-1210,-16201,
6,7,61,-2814,-596,-14510,
6,0,59,-1732,-512,-12931,
4,7,54,1596,-1351,-12686,
4,9,54,1762,-370,-9386,
5,3,55,2968,-47,-7465,
9,7,57,945,694,-7240,
9,7,57,945,694,-7240,
8,1,52,2131,534,-6162,
8,9,63,2794,-586,-7489,
8,9,63,2794,-586,-7489,
4,26,57,739,-545,-6485,
4,40,60,146,-694,-848,
4,29,51,-2965,-189,6431,
4,29,51,-2965,-189,6431,
6,28,56,-3839,668,9016,
2,8,56,-2465,2478,16005,
4,3,60,-2258,2837,15764,
2,2,61,-5057,3399,16868,
2,2,61,-5057,3399,16868,
1,2,60,-4223,2912,16341,
0,3,59,-4014,2664,17777,
-2,-4,59,-2431,2256,18343,
-3,-7,57,-2939,2013,17719,
-2,-12,61,-3214,-182,15851,
-2,-12,61,-3214,-182,15851,
-4,-9,56,-1880,-803,15727,
-6,-11,55,-2197,-505,17814,
-6,-11,55,-2197,-505,17814,
-5,-12,57,-663,-568,16824,
-5,-13,55,-307,-1559,16298,
-6,-13,54,-1644,1291,15081,
-6,-13,54,-1644,1291,15081,
-9,-13,55,-176,2026,12663,
-9,-14,58,-77,3162,10491,
-12,-18,63,3196,2529,6495,
-14,-18,65,360,-1942,-1531,
-12,-18,60,2377,-4141,-7680,
-12,-17,55,1903,-3219,-14181,
-12,-17,55,1903,-3219,-14181,
-10,-10,56,-1869,843,-20415,
-1,-2,61,2183,-641,-15547,
-1,-2,61,2183,-641,-15547,
-2,-3,56,2203,-1547,-15305,
-2,-2,58,2422,-1484,-16058,
-2,-2,58,2422,-1484,-16058,
0,0,58,349,-1535,-14661,
0,-1,57,3862,-3214,-12394,
0,-1,57,3862,-3214,-12394,
3,3,58,784,-2970,-13406,
3,3,58,784,-2970,-13406,
1,0,57,742,-2317,-12169,
1,0,57,742,-2317,-12169,
2,7,60,-1088,-1600,-12756,
2,6,58,-1949,-1531,-10787,
4,5,57,-47,-1806,-10186,
9,13,59,-2349,-1281,-9438,
6,20,54,-2279,-728,-5919,
7,31,58,-1812,393,-594,
2,24,59,-1018,336,2293,
6,17,59,-398,-298,7899,
6,14,55,-328,-652,9347,
5,10,56,-467,2638,13204,
5,10,56,-467,2638,13204,
4,10,58,-226,2700,13870,
0,5,55,-1331,2433,13547,
0,5,55,-1331,2433,13547,
0,-5,63,-1979,2851,15588,
0,-2,62,-4376,2493,13645,
-1,-7,61,-2801,1321,15309,
-2,-11,57,-3596,1183,15415,
-2,-11,57,-3596,1183,15415,
-6,-9,56,-2672,636,13629,
-6,-9,56,-2672,636,13629,
-4,-7,57,-1402,637,15133,
-7,-7,55,3053,78,16590,
-12,-9,51,3036,784,15147,
-12,-9,51,3036,784,15147,
-14,-11,50,994,2046,15712,
-12,-16,67,2665,4678,8183,
-12,-17,71,2571,2970,5953,
-15,-17,67,-1465,-5800,-990,
-15,-17,67,-1465,-5800,-990,
-14,-14,62,-1749,-6350,-3784,
-10,-14,58,-1628,-4252,-14710,
-8,-12,57,-3843,-3631,-16059,
-4,-2,57,-2780,-198,-15368,
-2,-6,59,-1363,-110,-14660,
1,-5,60,552,-824,-15630,
1,-5,60,552,-824,-15630,
2,-4,59,1119,-1183,-15129,
0,-7,56,3005,-1563,-14721,
0,-3,57,3352,-1768,-17069,
1,-3,56,3600,-2311,-15661,
2,10,57,2654,-681,-13193,
2,6,59,-394,40,-11147,
3,10,57,-1509,-1026,-9613,
4,6,58,-904,-281,-9523,
4,6,58,-904,-281,-9523,
3,10,58,-2685,88,-8938,
3,9,57,-569,128,-7053,
3,9,57,-569,128,-7053,
1,13,59,-808,241,-6637,
-1,29,58,-1777,-1121,-114,
-1,29,58,-1777,-1121,-114,
4,19,55,-2104,-1210,5765,
5,9,56,-862,44,9091,
5,9,56,-862,44,9091,
4,6,56,-3890,749,10577,
4,7,63,-639,1094,12551,
4,7,63,-639,1094,12551,
2,6,58,-3222,471,14858,
1,1,57,-3512,1542,16267,
1,1,57,-3512,1542,16267,
-1,-1,56,-3852,2243,18327,
-6,-8,53,-2693,4329,18259,
-6,-8,53,-2693,4329,18259,
-5,-16,62,-2711,4752,16352,
-7,-14,61,-1143,1347,12176,
-10,-8,53,-4893,862,11390,
-10,-8,53,-4893,862,11390,
-12,-8,49,-3817,198,15509,
-12,-8,49,-3817,198,15509,
-14,-17,59,2904,947,17745,
-14,-17,59,2904,947,17745,
-15,-21,62,4822,329,14091,
-16,-23,63,3035,-420,11807,
-16,-24,67,327,-1912,1205,
-16,-22,64,489,-3100,-2317,
-16,-22,64,489,-3100,-2317,
-18,-22,54,2395,-3784,-11541,
-13,-16,57,-1336,-507,-15582,
-9,-6,58,-590,398,-17727,
-9,-6,58,-590,398,-17727,
-5,-2,61,186,-1032,-15279,
-6,-4,54,1989,-1014,-12238,
-6,-4,54,1989,-1014,-12238,
-4,-10,60,2478,-464,-12472,
-4,-8,59,-88,-579,-14448,
-3,-6,59,241,-1237,-14391,
-2,-5,52,61,349,-12286,
-2,-5,52,61,349,-12286,
-2,-4,55,736,1666,-11269,
0,-3,59,733,1953,-11627,
-2,0,60,1898,-130,-14028,
0,5,61,1172,-528,-13328,
-1,2,56,3999,-522,-12009,
-1,2,56,3999,-522,-12009,
0,4,59,2830,131,-11884,
0,8,60,1658,-683,-10640,
2,13,61,275,-1160,-8799,
-1,30,59,-995,-581,449,
0,27,56,-2077,-1623,5119,
0,8,57,723,-1691,10225,
0,8,57,723,-1691,10225,
-1,2,54,-32,-1476,10294,
2,10,60,-1786,78,12778,
2,10,60,-1786,78,12778,
0,3,60,529,-962,13102,
2,4,59,-2007,-478,14885,
0,4,59,-2800,-20,17814,
-2,0,59,-2199,-487,21674,
-1,-5,54,2175,-1484,21540,
-4,-9,53,3242,541,18360,
-3,-8,57,284,2661,14484,
-3,-8,57,284,2661,14484,
-3,-7,58,-1433,3377,13384,
-4,-5,59,-2178,2525,13202,
-4,-7,61,-2836,1948,13996,
-10,-7,54,-5205,1561,16694,
-10,-7,54,-5205,1561,16694,
-11,-9,54,-4518,2512,16453,
-13,-20,64,1340,1099,13439,
-13,-20,64,1340,1099,13439,
-12,-24,69,1516,-254,10091,
-16,-28,65,516,-3420,3177,
-14,-22,60,1350,-4326,-7870,
-12,-22,59,3017,-4303,-16597,
-7,-8,55,-428,-2782,-21130,
-3,-4,56,-232,-1425,-20942,
-1,-2,56,-672,488,-19087,
-1,-2,56,-672,488,-19087,
1,-1,61,-262,986,-17993,
-1,-1,59,697,-596,-18448,
0,-4,60,1124,-1538,-18234,
-2,9,53,2171,-1869,-20775,
0,13,56,1829,-893,-14878,
2,3,62,456,1087,-9161,
2,3,62,456,1087,-9161,
2,2,63,630,442,-8853,
0,0,58,-2541,769,-12025,
1,11,60,-4789,1215,-11736,
0,9,57,-2710,348,-9563,
0,9,57,-2710,348,-9563,
2,14,58,-1970,434,-7824,
3,23,61,-1616,-182,-2267,
3,23,61,-1616,-182,-2267,
0,20,58,-977,-236,2823,
4,20,63,-553,-350,8840,
-2,3,54,627,-1085,10680,
3,11,62,-456,320,12367,
3,11,62,-456,320,12367,
0,2,57,-1111,-498,13926,
0,4,59,-1748,741,16577,
0,4,59,-1748,741,16577,
-4,-10,57,1110,-36,13459,
-2,-4,57,-759,981,12205,
-1,-4,59,-2185,1063,12590,
-2,-1,58,-3103,1161,13684,
-6,-3,51,-2437,1706,18740,
-8,-5,53,-3541,2383,20477,
-8,-8,62,-2507,212,17713,
-8,-8,62,-2507,212,17713,
-8,-7,62,-1865,-709,18559,
-9,-11,62,-414,3786,13492,
-8,-11,63,736,2348,11741,
-13,-19,62,3264,-633,8136,
-16,-26,63,816,-3875,-1367,
-16,-26,63,816,-3875,-1367,
-12,-15,59,1604,-3689,-10712,
-7,-8,58,2280,-3284,-16299,
-7,0,56,1551,-1270,-21519,
-4,4,60,-434,-733,-20620,
-4,4,60,-434,-733,-20620,
-5,1,57,2441,-2006,-21690,
-4,5,58,1712,-1095,-20511,
-4,9,55,1477,-585,-18300,
-2,7,60,2217,114,-15262,
-2,7,60,2217,114,-15262,
-3,7,59,2527,-620,-14453,
-4,12,57,770,383,-12500,
-3,13,59,590,229,-11181,
-5,11,59,-872,513,-9400,
-5,11,59,-872,513,-9400,
-4,10,59,-73,359,-9019,
-5,15,60,-1298,-693,-7762,
-5,15,60,-1298,-693,-7762,
-6,21,57,-709,-926,-6752,
-6,34,59,-523,-934,-2817,
-6,25,55,-1176,-1812,5785,
-6,25,55,-1176,-1812,5785,
-4,17,56,-878,-950,8922,
-1,13,62,-2523,49,13545,
-4,11,56,-919,-458,14624,
-4,5,58,-610,260,15224,
-2,12,59,-351,-92,17450,
-8,-3,55,1707,207,18334,
-8,-3,55,1707,207,18334,
-4,0,58,-2659,2167,18356,
-6,1,56,-2879,2414,18326,
-6,1,56,-2879,2414,18326,
-7,1,56,-3418,2654,20412,
-11,-6,57,-1615,1534,20577,
-9,-10,59,-126,1369,16011,
-10,-9,57,-772,1438,14922,
-11,-6,55,-2881,2112,14271,
-10,-4,58,-3791,3764,13873,
-15,-8,58,180,1227,11926,
-13,-14,65,445,782,8449,
-13,-16,68,837,-3884,-964,
-13,-16,68,837,-3884,-964,
-13,-12,60,2350,-5658,-7491,
-10,-13,59,1092,-5745,-15659,
-10,-13,59,1092,-5745,-15659,
-9,-5,51,-160,-3468,-19381,
-3,0,57,-1338,294,-20798,
-3,0,57,-1322,715,-20791,
-3,1,56,-1,489,-20463,
-3,6,60,230,1668,-18384,
-3,5,62,848,890,-17455,
-3,6,59,701,-565,-11944,
-3,4,59,812,-526,-11128,
-4,5,59,-498,595,-9520,
-4,5,59,-498,595,-9520,
-4,5,60,-30,175,-8722,
-3,7,60,496,-430,-6801,
-3,7,60,496,-430,-6801,
-3,3,59,1117,-981,-5923,
-3,1,58,103,47,-6223,
-4,1,58,431,121,-6943,
-2,3,60,511,-54,-7555,
-2,3,60,511,-54,-7555,
-4,6,56,120,-122,-7525,
-5,24,59,-1973,-55,-4810,
-5,24,59,-1973,-55,-4810,
-6,29,62,-1775,629,888,
-4,19,62,-770,-565,5325,
-4,2,58,-1173,-111,6704,
-1,8,60,-1591,-1145,7135,
-4,3,58,-1631,-474,8906,
-4,3,58,-1631,-474,8906,
-2,6,62,-2859,-102,10418,
-4,1,55,-1710,-1179,10942,
-2,4,55,-2873,-210,11621,
-8,-3,50,-5043,2573,14936,
-7,0,55,-5670,3566,16547,
-13,-15,57,-509,1336,14654,
-13,-15,57,-509,1336,14654,
-12,-12,56,252,1129,12220,
-10,-5,58,-1752,-536,10990,
-10,-5,57,-1307,-862,11348,
-12,-8,56,-2083,-2572,11012,
-10,-9,57,-2880,-2738,12990,
-10,-7,55,556,-876,14621,
-12,-11,56,2478,-2146,13107,
-12,-11,56,2478,-2146,13107,
-11,-5,53,2244,241,10415,
-8,-8,62,789,1567,7759,
-6,-12,68,1179,-820,5184,
-13,-14,62,3114,-6084,1680,
-13,-14,62,3114,-6084,1680,
-16,-21,56,3116,-4764,-2629,
-11,-9,62,-396,-214,-14749,
-11,0,59,-263,-427,-15929,
-7,0,58,1107,-59,-16543,
-7,0,58,1107,-59,-16543,
-6,1,56,-432,-243,-15991,
-6,1,56,-432,-243,-15991,
-3,3,59,3266,-910,-15128,
-3,3,59,3266,-910,-15128,
-5,-1,57,2497,-1016,-15295,
-2,4,61,797,-419,-15216,
-4,5,56,915,-2041,-14921,
-3,8,56,864,-1393,-13724,
-3,3,55,2679,-425,-11885,
-2,7,59,1497,242,-11753,
-5,8,56,2936,810,-10197,
-2,9,63,1198,762,-9880,
-5,13,58,-100,498,-9255,
-4,14,61,175,-28,-8346,
-5,17,59,-1247,-345,-7212,
-5,30,59,-2333,-218,108,
-6,26,57,-1019,-692,2297,
-3,9,56,-1171,-104,6277,
-3,9,56,-1171,-104,6277,
-2,11,59,-2344,429,6597,
-3,10,59,-538,-834,9129,
-3,10,59,-538,-834,9129,
-3,11,59,-1921,-776,11194,
-3,2,64,-1823,-23,10683,
-1,6,65,-5093,-828,11765,
-2,1,52,-3339,-1234,11265,
-2,1,52,-3339,-1234,11265,
0,4,55,-5862,458,13798,
-3,-1,50,-3267,492,14085,
-3,-1,50,-3267,492,14085,
-2,-2,59,-948,1091,12995,
-2,-2,59,-948,1091,12995,
-3,-8,63,3017,-554,13739,
-8,-15,60,1707,-2953,10307,
-7,-3,57,-4211,-1510,6104,
0,-4,56,-6576,-278,9328,
-3,-7,53,-4105,394,10186,
-3,-7,53,-4105,394,10186,
-3,-6,54,-3653,584,11411,
-8,-12,57,21,1964,14087,
-10,-13,59,-293,1855,13805,
-12,-28,67,534,-1749,1515,
-14,-25,61,1048,-2748,-1828,
-13,-20,55,1869,-1330,-12535,
-15,-17,51,1457,-349,-14991,
-8,-8,54,-1527,4598,-18255,
-8,-8,54,-1527,4598,-18255,
-8,-6,55,-1384,4619,-17772,
-4,0,59,106,3952,-18157,
-6,-2,56,2310,1492,-14271,
-3,-4,63,1899,1583,-13025,
-4,-5,59,2900,-464,-10868,
-3,-9,59,3031,-987,-9497,
-4,-6,57,1603,-58,-9806,
-4,-6,57,1603,-58,-9806,
-3,-5,58,1711,-517,-10397,
-1,-1,57,1678,-191,-10323,
-6,-4,56,1903,-364,-9721,
-3,0,58,588,649,-9755,
-2,0,59,1926,720,-9298,
-3,1,58,2767,659,-8662,
-3,0,63,2126,213,-8182,
-4,1,61,1977,-325,-8381,
-5,7,60,753,-194,-8334,
-4,18,61,-344,-540,-3410,
-4,18,61,-344,-540,-3410,
-4,23,59,-1053,-451,1433,
-1,14,60,718,-885,4783,
0,9,59,962,-789,6337,
-2,8,57,61,-542,7496,
-3,4,59,-319,225,10686,
-3,4,59,-319,225,10686,
-2,2,61,174,-628,10962,
-4,4,56,861,-1075,10292,
-4,4,56,861,-1075,10292,
-3,1,61,-511,-275,11862,
-3,0,59,-1474,463,10059,
-1,0,62,-3688,530,12514,
-3,0,55,-726,-276,11685,
-2,-2,55,-3152,1039,14013,
-4,-4,55,-1502,1258,13479,
-7,2,54,-4898,4893,19448,
-5,-6,63,-4226,4015,20720,
-11,-6,58,-1615,285,14886,
-11,-6,55,-2255,665,13358,
-10,-4,58,257,3218,11020,
-9,-9,63,1344,2846,10164,
-14,-18,66,-1033,-576,4753,
-16,-17,61,-248,-2426,-326,
-15,-18,56,1893,-3492,-8736,
-12,-10,55,939,-1155,-13035,
-9,-2,55,1038,-248,-14884,
-9,-2,55,1038,-248,-14884,
-7,-3,58,860,190,-14560,
-9,-3,55,1841,-676,-14751,
-8,-2,58,1765,-523,-15780,
-8,3,56,614,158,-16227,
-8,1,59,2274,-542,-14525,
-8,3,60,1940,-863,-14528,
-6,2,58,687,-162,-11465,
-5,2,58,1618,-478,-11163,
-10,3,56,2522,-783,-10107,
-6,5,59,1726,42,-9755,
-4,8,57,1217,-542,-7204,
-4,7,57,2138,-375,-6948,
-4,2,61,1673,992,-4821,
-4,2,61,1673,992,-4821,
-6,5,62,1853,891,-6257,
-6,13,62,-1051,-21,-5316,
-5,22,61,-1342,-687,-2263,
-5,22,61,-1342,-687,-2263,
-5,20,56,-757,-1580,2012,
-3,6,57,369,-755,4210,
-3,6,57,369,-755,4210,
-3,7,58,-1417,-97,4828,
-4,7,59,-1831,447,6109,
-4,7,59,-1831,447,6109,
-4,8,58,-1416,-728,6951,
-6,5,56,-1761,851,8585,
-5,0,59,-87,1268,8668,
-6,0,60,-1656,1429,8384,
-5,0,61,-1865,1095,8493,
-5,2,57,-3555,521,8180,
-7,1,56,-2513,407,8585,
-8,-1,56,-1127,1227,9505,
-7,0,58,-2654,1540,11618,
-9,-1,57,-2804,1071,12371,
-9,0,54,-530,839,12395,
-9,1,51,-2800,1840,17158,
-8,-1,55,-2865,2731,18727,
-12,-1,54,326,2051,16631,
-14,-6,58,-1699,3192,16143,
-14,-4,63,-1409,3369,10454,
-16,-2,62,-3574,1447,9589,
-18,-7,63,-422,416,7717,
-22,-20,62,-1747,-2229,2751,
-22,-20,62,-1747,-2229,2751,
-21,-19,59,-740,-2306,-4021,
-20,-11,52,668,-2615,-11167,
-20,-11,52,668,-2615,-11167,
-16,-7,55,651,-193,-13365,
-14,-6,54,889,90,-14590,
-14,-6,54,889,90,-14590,
-10,0,57,20,938,-14913,
-9,-1,60,-40,553,-14148,
-11,0,57,1772,906,-13606,
-9,0,59,1670,977,-13199,
-11,-3,58,3585,-661,-12616,
-12,-1,57,3677,-795,-13140,
-9,0,60,3849,-1100,-11820,
-9,0,58,4790,-1698,-11843,
-9,1,55,3022,6,-11283,
-9,1,55,3022,6,-11283,
-8,7,69,405,1046,-10326,
-8,7,69,405,1046,-10326,
-16,4,52,2029,-3433,-8210,
-16,4,52,2029,-3433,-8210,
-7,5,65,970,-1927,-7157,
-7,5,65,970,-1927,-7157,
-7,10,58,-299,-3553,-7270,
-1,21,57,-2032,-1849,-5167,
-2,16,52,-2392,-690,6437,
-1,19,59,-921,1532,3701,
-7,9,53,-1948,987,11597,
-7,5,57,-37,1634,12172,
-9,2,57,-1719,577,10994,
-9,3,57,-2165,1243,10864,
-11,0,61,-1350,885,10137,
-10,2,60,-2258,632,10807,
-9,-2,57,-149,-913,10696,
-9,-2,57,-149,-913,10696,
-9,0,55,-2523,-642,11039,
-8,0,56,-1977,1998,13078,
-10,0,55,-2426,2097,14136,
-11,2,55,-4354,3497,17695,
-19,-1,59,-3918,2401,24406,
-18,-13,61,3060,-621,18058,
-16,-8,58,-1574,2032,11383,
-15,-6,58,244,1930,6483,
-18,-13,64,960,-2553,564,
-18,-14,57,761,-4971,-7867,
-14,-7,57,630,-3187,-13566,
-13,-1,52,-27,-1796,-15878,
-12,0,53,-180,-830,-16032,
-11,6,58,-2458,3742,-15345,
-11,6,58,-2458,3742,-15345,
-11,6,60,-1260,3209,-14196,
-10,3,62,1229,1884,-14004,
-12,1,60,594,-606,-11408,
-12,-1,57,2298,-1542,-10755,
-11,2,61,452,-799,-11446,
-11,2,61,452,-799,-11446,
-10,0,60,2499,-1656,-10699,
-7,2,59,2488,-2501,-9984,
-11,1,54,3265,-2834,-9148,
-6,2,59,1059,-802,-9399,
-6,2,59,1059,-802,-9399,
-8,4,59,1872,-2530,-8712,
-5,5,59,-1090,-2103,-8202,
-5,5,59,-1090,-2103,-8202,
-4,8,58,-947,-1873,-8169,
-4,21,60,-2218,-1389,-5189,
-4,21,60,-2218,-1389,-5189,
-1,24,62,-1469,-906,127,
0,18,62,-727,-1375,3396,
0,8,57,-2158,280,6216,
0,8,57,-2158,280,6216,
0,9,57,-2672,685,7755,
-4,5,60,-454,914,7089,
-4,5,60,-454,914,7089,
-3,7,61,-345,563,7697,
-6,0,58,-1353,626,8608,
-6,0,58,-1353,626,8608,
-6,-2,60,-620,634,9201,
-6,-5,60,-1162,1435,8869,
-6,-3,61,-2172,793,8202,
-6,-2,59,-465,-61,8515,
-6,-2,59,-465,-61,8515,
-7,-2,56,-1839,197,8813,
-7,0,57,-3269,1370,11049,
-7,0,57,-3269,1370,11049,
-10,-2,53,-1893,1285,11803,
-9,1,55,-4364,2637,14858,
-14,-9,59,-333,1180,15998,
-14,-9,59,-333,1180,15998,
-14,-11,60,838,248,13571,
-13,-5,59,-2914,1364,10465,
-13,-5,59,-2914,1364,10465,
-13,-4,58,-3270,1106,10114,
-12,-9,65,4148,-3681,14519,
-23,-35,53,3295,-5573,2574,
-15,-10,60,-1604,302,-11896,
-8,0,59,160,-1228,-14341,
-7,2,59,204,-1112,-14565,
-8,-4,54,1973,-1981,-12735,
-11,-6,50,1958,-1493,-13686,
-8,0,56,-1219,2212,-15427,
-7,0,62,-531,1028,-14329,
-9,2,57,1504,-347,-14662,
-6,2,59,549,175,-12238,
-6,2,59,549,175,-12238,
-6,2,56,952,-286,-10764,
-9,0,55,1711,-92,-9290,
-9,0,55,1711,-92,-9290,
-5,2,61,814,279,-8696,
-8,0,59,1241,181,-8388,
-6,0,62,1046,-351,-8293,
-7,1,59,1347,-1192,-8779,
-7,1,59,1347,-1192,-8779,
-6,2,60,527,-856,-8782,
-5,16,60,-2576,-750,-7005,
-6,23,58,-2935,-820,-4830,
-5,24,60,-1524,-610,1736,
-4,6,55,2066,-916,7093,
-4,6,55,2066,-916,7093,
-4,0,59,-437,395,10068,
-4,3,62,-707,1283,9629,
-6,2,61,326,194,9869,
-6,2,60,-521,29,9150,
-7,1,58,-1326,209,9229,
-7,-2,59,-2198,838,7748,
-7,-2,59,-2198,838,7748,
-6,0,62,-2735,732,8400,
-7,0,55,-2437,-334,7860,
-5,2,55,-3709,487,9878,
-10,4,49,-3642,1860,12670,
-12,0,54,-7138,4227,19637,
-15,-14,57,-116,911,12632,
-15,-9,57,-2227,1815,11291,
-14,-9,60,-2724,1900,11421,
-12,-5,57,-1019,71,7680,
-12,-5,57,-1019,71,7680,
-13,-1,54,-1247,152,7193,
-14,-7,58,-276,1028,8159,
-16,-16,65,741,-1457,7789,
-23,-27,57,630,-3298,-281,
-23,-27,57,630,-3298,-281,
-20,-21,57,1142,-2479,-7576,
-14,-7,57,489,-1378,-14463,
-10,-6,57,1619,-1431,-14256,
-12,0,52,860,1295,-18338,
-9,2,57,509,1778,-15419,
-8,0,60,1556,420,-13602,
-8,0,60,1556,420,-13602,
-8,-1,57,3526,-692,-12157,
-9,-3,58,3327,-792,-11475,
-10,-1,56,3016,-136,-10538,
-10,0,57,2344,-45,-10229,
-12,3,55,2285,251,-9130,
-12,3,55,2285,251,-9130,
-10,4,58,1838,789,-9014,
-11,4,59,2169,-871,-7661,
-11,4,59,2169,-871,-7661,
-9,3,61,1231,-777,-7368,
-8,0,64,-475,-2259,-9438,
-8,0,64,-475,-2259,-9438,
-6,2,65,-2227,-2757,-9029,
-6,7,57,-1392,-4685,-9436,
-4,20,55,-339,-2288,-10238,
-4,26,56,1214,-1575,-8717,
-4,15,54,-1328,-1351,5777,
0,7,60,490,1078,6215,
-1,6,57,139,485,7643,
-3,8,56,-1416,1460,9017,
-5,-2,63,1912,769,9007,
-5,-2,63,1912,769,9007,
-6,0,61,-1049,-319,8395,
-7,-1,63,-2544,-595,9530,
-5,0,61,-2301,-1921,7205,
-4,-3,57,-3390,-1333,8909,
-4,-4,56,-2772,-1456,8732,
-4,-4,56,-2772,-1456,8732,
-2,0,56,-3194,654,11093,
-2,0,56,-3194,654,11093,
-3,0,56,-3292,985,12817,
-8,-11,54,-3456,2,11317,
-7,-9,54,-5381,998,11155,
-6,-8,58,-3332,782,9117,
-6,-8,57,-2333,1731,9555,
-8,-7,56,-2395,944,10566,
-9,-11,58,-327,1107,9256,
-9,-11,58,-327,1107,9256,
-9,-7,57,-33,343,10131,
-14,-20,60,1665,-1517,9307,
-14,-20,60,1665,-1517,9307,
-15,-23,61,49,-1684,4235,
-17,-25,55,464,-3572,-2801,
-17,-25,55,464,-3572,-2801,
-16,-21,55,427,-2005,-7906,
-8,-10,56,1378,739,-12736,
-8,-10,56,1378,739,-12736,
-6,-8,58,1859,125,-12616,
-5,-8,56,3657,-1081,-13302,
-7,-8,55,2790,-923,-12935,
-8,-8,54,2653,-216,-14769,
-7,-2,58,2603,299,-12957,
-7,-2,58,2603,299,-12957,
-6,0,57,3032,105,-13060,
-5,0,59,2863,107,-10924,
-5,1,58,2346,-85,-9909,
-6,-1,58,2968,-299,-9180,
-5,0,59,2115,-6,-9702,
-6,4,60,1191,-408,-9218,
-6,6,58,1605,-230,-7793,
-3,3,62,1148,348,-6944,
-2,2,58,1672,-64,-6622,
-2,0,61,1551,-309,-7700,
-3,3,58,2558,-1916,-8034,
-3,3,58,2558,-1916,-8034,
-4,4,56,-259,-974,-7896,
-4,9,56,-1289,-1076,-7602,
-5,27,57,-2947,-1009,-1141,
-3,27,58,-3591,-702,1938,
-2,9,55,-55,338,8469,
-2,9,55,-55,338,8469,
0,10,57,-3089,1549,11137,
-2,2,59,-2587,637,9794,
-1,5,62,-5952,485,12137,
-9,-4,57,-4644,1690,11949,
-8,-10,62,-3620,2104,11513,
-9,-8,58,-3933,800,11527,
-8,-9,58,-2729,658,10801,
-8,-4,55,-2073,458,12175,
-7,-2,57,1016,-491,13320,
-9,-2,57,4750,-1952,15785,
-9,-6,60,3355,-2243,14689,
-14,-7,56,-105,-946,12975,
-8,-4,58,-3279,1863,10341,
-5,9,60,-3266,2022,11633,
-10,-9,61,3692,-898,15721,
-17,-19,58,3163,-581,11216,
-17,-19,67,-797,1157,-168,
-15,-15,66,-1378,140,-3023,
-17,-17,54,719,-2774,-12291,
-17,-17,54,719,-2774,-12291,
-15,-14,55,-462,-1131,-15153,
-12,-4,54,-1709,1717,-18865,
-11,-7,56,2032,-855,-19218,
-13,0,53,3803,-227,-19540,
-13,0,53,3803,-227,-19540,
-10,6,58,2417,1583,-18595,
-7,6,63,3741,-26,-16608,
-8,1,60,5511,-959,-15781,
-11,1,57,3121,-824,-14133,
-8,6,58,2625,815,-13264,
-8,6,58,2625,815,-13264,
-6,4,60,1677,106,-10903,
-11,5,51,3542,781,-11235,
-11,5,51,3542,781,-11235,
-9,4,57,4249,1329,-10155,
-9,11,64,204,1127,-9736,
-12,8,60,-49,166,-9298,
-11,29,60,1184,265,-10048,
-14,30,57,-183,-775,630,
-7,9,61,-1175,-1056,5726,
-8,8,54,-2306,-1567,7158,
-6,5,61,-1524,-1090,8279,
-6,9,58,-3340,-575,9391,
-10,1,55,-2164,461,11131,
-10,1,55,-2164,461,11131,
-9,2,60,-1778,919,11141,
-8,0,58,-1695,1210,13412,
-9,4,55,-396,1151,13293,
-12,2,55,-877,1346,14915,
-8,3,61,-3102,1913,17157,
-13,0,53,-2846,264,20934,
-16,-2,50,371,921,18231,
-10,4,56,2242,4386,15786,
-10,4,56,2242,4386,15786,
-8,0,65,3492,4879,14276,
-14,-1,64,2886,3338,14501,
-19,-3,55,295,3696,12171,
-19,-3,55,295,3696,12171,
-21,-4,57,560,3785,11543,
-23,-12,65,-534,1569,5906,
-23,-12,65,-534,1569,5906,
-22,-14,70,-896,-411,3244,
-23,0,55,599,-3669,-13425,
-23,0,55,599,-3669,-13425,
-20,0,56,525,-3216,-14438,
-18,2,50,-2420,-4235,-17928,
-14,1,53,-1540,-2878,-18848,
-13,4,53,-1414,-2809,-19725,
-13,4,53,-1414,-2809,-19725,
-11,2,56,-683,-1436,-20128,
-10,7,57,-1638,-1720,-18746,
-11,3,57,846,-1344,-16274,
-11,5,61,271,-757,-13039,
-5,5,65,-592,-430,-12384,
-10,0,51,1125,-890,-9800,
-10,0,51,1125,-890,-9800,
-5,0,59,707,-607,-8722,
-5,0,59,707,-607,-8722,
-8,3,54,1907,-99,-8297,
-7,2,61,2858,-593,-6684,
-7,2,61,2858,-593,-6684,
-7,3,62,2323,-911,-6823,
-2,-1,55,1421,-1834,-7102,
-4,-8,57,2152,-1911,-8600,
-6,29,56,-4003,-1190,-4964,
-5,27,57,-2002,-1056,-2842,
-2,12,59,126,-1314,5989,
-2,10,57,-390,-998,6655,
-2,8,58,-1392,-280,9335,
-3,5,61,-202,757,10927,
-3,5,61,-202,757,10927,
-3,0,64,368,177,13826,
-3,0,61,1104,-1492,9399,
0,6,59,-2831,-1796,12848,
-1,1,56,-169,-1053,11020,
-1,1,56,-169,-1053,11020,
0,5,56,-1702,228,13032,
-3,0,54,79,946,16355,
-3,0,54,79,946,16355,
-5,-2,57,-1560,2192,16673,
-4,-6,62,1927,1534,13005,
-4,-6,62,-309,995,12511,
-8,5,54,-265,1662,13887,
-8,5,54,-265,1662,13887,
-7,0,59,4680,1998,18322,
-7,-1,58,6822,2042,16344,
-9,2,56,4052,4007,16046,
-6,-2,64,7,4207,14766,
-11,0,57,-2027,654,11016,
-13,-12,63,278,-153,6502,
-17,-15,59,-1451,-2249,-3582,
-12,-11,63,-1913,-1614,-9389,
-11,-1,60,-1011,-3975,-16475,
-11,-1,60,-1011,-3975,-16475,
-11,-5,53,526,-2766,-18075,
-7,0,58,-3210,835,-18443,
-6,-1,58,-1338,185,-18388,
-10,-3,53,2127,-647,-19664,
-10,-3,53,2127,-647,-19664,
-8,6,59,1623,318,-20700,
-5,10,62,307,-23,-18912,
-9,4,56,2354,-1125,-14376,
-9,4,56,2354,-1125,-14376,
-9,6,57,1411,-957,-13346,
-11,3,54,968,-153,-10215,
-11,3,54,968,-153,-10215,
-8,6,60,-697,664,-10188,
-7,4,58,104,-1202,-10253,
-7,4,58,104,-1202,-10253,
-4,4,59,-344,-915,-10014,
-4,3,56,-171,-1797,-9075,
-3,5,60,-1326,-449,-8648,
-5,13,59,-2224,-1083,-7931,
-5,13,59,-2224,-1083,-7931,
-3,19,58,-3380,-796,-4041,
-3,19,55,-674,-725,4228,
-3,19,55,-674,-725,4228,
-2,8,57,1733,-329,5971,
-1,16,55,-2868,950,9761,
-1,16,55,-2868,950,9761,
-4,6,58,-333,1426,13550,
-6,1,57,1430,1233,11733,
-7,8,57,-3030,1702,15726,
-7,8,57,-3030,1702,15726,
-9,-5,59,-1937,2040,15973,
-8,3,60,-3899,1801,16267,
-8,6,61,-4570,1680,18938,
-12,-9,60,-712,790,15242,
-11,-6,60,-294,323,14330,
-9,-1,60,-1449,-562,13849,
-9,-1,60,-1449,-562,13849,
-10,-2,58,-1511,-1381,14415,
-9,0,57,-1522,-1810,14272,
-9,0,57,-1522,-1810,14272,
-9,0,55,-2509,-1417,15151,
-8,-5,55,-3631,1107,15104,
-9,-7,54,-2402,1096,15045,
-12,-13,60,-2328,2651,13160,
-17,-23,67,-667,846,4624,
-17,-22,66,-309,-1303,-2612,
-15,-15,56,76,-3761,-11713,
-14,-11,54,771,-1206,-16178,
-8,-9,64,-18,-1021,-16573,
-12,-5,53,740,-799,-20290,
-5,-4,59,-403,-133,-19056,
-5,-4,59,-403,-133,-19056,
-7,-2,53,-236,-578,-19410,
0,0,56,264,514,-16404,
0,0,56,264,514,-16404,
-4,-1,54,1572,-175,-15966,
-1,1,63,794,1694,-13425,
-1,1,63,794,1694,-13425,
-3,0,60,2553,515,-12653,
-4,-1,63,2566,-278,-11235,
-5,0,56,837,-456,-10798,
-5,0,56,837,-456,-10798,
-4,4,58,-132,524,-10110,
-4,3,60,3449,-1170,-7825,
-2,2,64,2033,-763,-7500,
0,-4,60,2688,-1592,-7472,
0,-4,57,2322,-1807,-8826,
-1,3,54,-768,-2319,-8948,
-3,17,55,-3289,-1127,-8613,
-4,33,57,-189,-669,-4572,
-1,23,57,-3107,-1315,7028,
4,18,57,-114,-174,8071,
-2,0,56,-974,-223,14022,
-3,-4,55,-890,653,11736,
0,0,63,-1242,22,11299,
-2,-2,58,-968,-176,10331,
-2,3,57,-2614,561,11342,
-2,-3,60,-2724,1410,14162,
-4,-9,58,-1836,1033,12833,
-3,0,58,-2947,1313,13701,
-3,0,58,-2947,1313,13701,
-6,-5,58,-2723,943,14846,
-5,-6,57,-1044,815,12708,
-5,-6,57,-1044,815,12708,
-5,-3,56,-2323,617,14295,
-8,-11,52,-1496,1435,13337,
-8,-11,52,-1496,1435,13337,
-9,-7,57,-2984,2065,13621,
-7,-8,62,-2267,-516,14787,
-13,-5,55,378,-1417,13673,
-13,-12,54,-123,1042,13450,
-12,-15,64,-949,2431,9569,
-12,-15,64,-949,2431,9569,
-13,-19,63,-852,1001,7077,
-17,-28,63,254,-1750,107,
-17,-28,63,254,-1750,107,
-17,-26,62,547,-2432,-3062,
-17,-16,52,2070,-1714,-15001,
-17,-16,52,2070,-1714,-15001,
-11,-11,57,-447,42,-15434,
-10,-4,53,3449,-1710,-18007,
-8,-8,58,3221,-1072,-17423,
-6,-5,57,2889,-555,-18531,
-5,-7,57,2420,-658,-17813,
-8,1,55,695,-963,-15633,
-8,1,55,695,-963,-15633,
-6,7,57,-467,-141,-14846,
-6,1,59,928,97,-12297,
-3,3,62,521,380,-11317,
-3,3,62,521,380,-11317,
-5,0,59,1798,-1067,-10259,
-2,1,60,1440,-512,-10481,
-3,5,55,2741,-1147,-10037,
-1,5,60,-22,1132,-8838,
-3,4,63,1005,-306,-8805,
-2,4,60,562,-850,-9115,
-4,20,58,-2409,-734,-7257,
-3,29,57,-2298,-1034,-1508,
-2,21,56,80,-1289,6350,
-2,21,56,80,-1289,6350,
0,13,54,-1122,-418,10349,
-2,6,53,-2567,704,13747,
-2,6,53,-2567,704,13747,
-5,8,52,-1579,1092,13595,
-3,1,60,1046,2643,14539,
-5,-6,59,-1710,2137,10581,
-5,-6,59,-1710,2137,10581,
-6,-1,61,-1918,1987,10111,
-6,-5,63,-2213,1047,9086,
-6,-5,63,-2213,1047,9086,
-7,-3,62,-2911,396,10189,
-6,-6,57,-1998,9,8570,
-5,0,58,-4165,-35,10129,
-9,-5,53,-2672,747,13025,
-9,-5,53,-2672,747,13025,
-9,-1,56,-4289,1499,14607,
-10,-11,58,-1980,1446,11924,
-11,-7,58,-2907,922,11609,
-10,-4,59,-2740,266,13135,
-13,-6,60,-2775,-265,14906,
-13,-10,60,-2452,-741,14558,
-15,-13,58,-244,158,11042,
-15,-13,58,-244,158,11042,
-15,-15,60,445,-250,9728,
-19,-33,61,1630,-7193,-406,
-20,-32,55,2232,-7217,-5432,
-7,-9,59,375,434,-18073,
-7,-9,59,375,434,-18073,
-5,-6,59,991,-187,-18364,
-9,-6,51,1885,288,-18350,
-8,-6,58,346,1899,-18515,
-11,-2,58,1063,253,-19079,
-10,-2,58,670,590,-18717,
-4,2,61,730,-53,-16726,
-5,0,58,2732,-1172,-15542,
-7,-7,56,3309,-1416,-15434,
-4,-1,57,3642,-1240,-15004,
-4,-1,57,3642,-1240,-15004,
-8,-2,48,4904,-536,-15078,
-4,9,58,2075,1615,-13463,
-6,5,60,1441,554,-8948,
-4,1,64,1430,-40,-9822,
0,2,61,1023,-1278,-13863,
-2,16,58,5447,-889,-21409,
-10,46,62,-416,62,-8649,
-10,46,62,-416,62,-8649,
-11,45,60,-1472,-1328,-1020,
0,10,53,-2878,-355,19571,
0,4,54,-3349,1678,16209,
0,4,64,-2451,1399,10640,
0,4,64,-2451,1399,10640,
0,6,61,-1956,-33,10586,
-3,-1,60,-878,950,12789,
-3,0,60,-2441,867,12476,
-6,1,60,-1891,1058,12400,
-9,-1,56,-334,782,14356,
-9,-1,56,-334,782,14356,
-7,0,59,-2532,1196,15179,
-8,0,57,-1550,2042,17729,
-8,0,57,-1550,2042,17729,
-6,2,56,-3092,1373,20598,
-11,-6,57,1929,1143,19208,
-10,-7,59,1658,805,16360,
-10,-4,57,-1281,1406,13254,
-10,-4,57,-1281,1406,13254,
-8,-1,58,-1624,2590,13321,
-7,-6,60,1448,-460,12327,
-9,-8,64,1381,1,11386,
-18,-22,65,732,-2599,273,
-16,-19,62,88,-2236,-5154,
-15,-14,60,-2232,-1972,-12608,
-13,-7,53,-424,-773,-19212,
-10,0,55,-2143,1715,-19520,
-7,3,60,-715,2219,-19455,
-7,3,60,1208,1217,-19095,
-5,0,64,-287,-1887,-17017,
-3,-2,62,171,-2730,-16158,
-4,0,53,1005,-3671,-15230,
-2,-2,52,-289,-1396,-15677,
-4,4,53,-1490,1107,-15247,
-5,-3,61,595,209,-13087,
-5,-3,61,595,209,-13087,
-7,7,66,-156,37,-13484,
-4,9,64,1154,-1479,-10765,
-4,9,64,1154,-1479,-10765,
-3,7,62,1192,-2057,-9547,
-2,17,59,-1474,-1249,-6377,
-2,17,59,-1474,-1249,-6377,
-2,18,55,-603,-1403,-4294,
-2,12,55,592,-1269,4835,
-2,12,55,592,-1269,4835,
-1,9,55,-13,-884,5955,
0,11,55,-1460,-684,10147,
0,11,55,-1460,-684,10147,
0,0,55,1066,366,9523,
0,5,59,-1751,1016,12838,
-1,-3,60,1259,1552,13214,
-1,4,63,-3453,2083,13860,
-1,4,63,-3453,2083,13860,
-2,0,62,-539,1083,13724,
-5,-2,59,-2473,1204,14606,
-5,0,56,-753,1046,13593,
-8,-1,56,-2510,1888,16214,
-12,-10,58,1587,625,14708,
-12,-10,58,1587,625,14708,
-7,-11,65,-1475,1770,13785,
-7,-7,62,-2635,-305,11959,
-7,-7,62,-2635,-305,11959,
-8,-10,62,-2571,-1250,11827,
-6,-1,56,-3977,639,10345,
-6,-1,56,-3977,639,10345,
-5,-2,58,-3293,507,11118,
-7,-5,55,-953,-227,11503,
-8,-8,55,-1190,-32,11601,
-9,-15,59,-896,-1172,7320,
-9,-15,59,-896,-1172,7320,
-9,-18,61,-239,-1447,5153,
-11,-20,59,-63,-1154,-4829,
-11,-20,59,-63,-1154,-4829,
-7,-19,61,59,-1272,-7114,
-8,-16,59,883,-1517,-12514,
-7,-12,57,2409,-1075,-15953,
-7,-9,54,2823,-347,-17620,
-4,-5,60,458,956,-18232,
-4,-5,60,458,956,-18232,
-5,-1,59,1493,600,-19210,
-3,-2,59,1744,-451,-18522,
-3,-2,59,1744,-451,-18522,
-7,1,56,1447,-1614,-17444,
-7,5,54,-73,-677,-14997,
-7,5,54,-73,-677,-14997,
0,0,62,335,-1480,-11696,
0,0,62,335,-1480,-11696,
-1,0,58,766,-1906,-11555,
-3,2,58,2366,184,-10139,
-3,2,58,2366,184,-10139,
-2,2,61,1422,656,-9803,
-3,8,63,340,260,-9427,
-2,9,58,-935,-1518,-7381,
-4,21,55,-4032,-1268,-5040,
0,33,60,-4919,-942,2043,
0,33,60,-4919,-942,2043,
-1,9,57,-962,-1065,6236,
2,4,62,-2339,151,10388,
-2,-4,58,-182,-1278,11001,
2,1,63,-1047,375,12337,
2,1,63,-1047,375,12337,
0,-11,61,-913,-1168,12849,
1,4,60,-1019,-458,12257,
-2,-6,58,219,-823,13954,
-3,-13,57,889,-634,12845,
0,-3,60,-1432,383,11542,
1,2,59,-2527,-546,14341,
-3,-8,51,646,-455,13359,
0,-1,58,-1584,1781,17241,
-6,-15,57,-689,690,12885,
-6,-15,57,-689,690,12885,
-6,-17,59,-1915,1482,11470,
-5,-11,58,-5623,1783,9277,
-6,-8,55,-4834,1741,8763,
-4,-13,61,-1571,2112,9232,
-4,-13,61,-1571,2112,9232,
-10,-18,57,-619,946,7620,
-12,-30,63,713,-98,3718,
-12,-30,63,713,-98,3718,
-13,-33,62,3,-2383,-2133,
-11,-21,55,1578,-1454,-9661,
-10,-23,59,3216,-1229,-14526,
-8,-9,52,1700,-468,-16971,
-2,-12,56,1362,1230,-15834,
-5,-14,56,2664,781,-17034,
-3,-6,61,1961,2550,-18197,
-3,-6,61,1961,2550,-18197,
-4,-4,63,2730,1598,-17825,
-4,3,58,1904,-185,-14195,
-3,-1,58,3298,-910,-12725,
-3,0,53,4160,334,-11680,
-3,0,53,4160,334,-11680,
-4,0,51,5008,1127,-10620,
-3,5,64,1896,655,-9508,
-5,8,61,1911,-45,-9573,
-1,11,65,-37,-839,-9217,
-3,12,59,-113,-1937,-7746,
-5,28,62,-2720,138,-1344,
-5,22,60,-1128,-2338,4776,
-4,5,54,-299,-1438,6207,
0,9,58,-2382,-1086,8252,
-2,4,56,-534,-1340,10212,
0,4,58,-824,587,12434,
0,4,58,-824,587,12434,
0,-3,57,-1941,-10,12220,
-3,-3,58,-1804,1221,14096,
-3,-3,58,-1804,1221,14096,
-2,-15,56,2360,629,10382,
-1,0,63,-3770,2233,9307,
-1,0,63,-3770,2233,9307,
-3,-2,62,-2408,886,10536,
-5,0,59,-4499,797,12932,
-5,0,59,-4499,797,12932,
-7,1,57,-4387,884,14973,
-12,-15,62,318,1922,20623,
-11,-15,64,2755,1514,16664,
-10,-13,66,-1407,454,13855,
-12,-4,51,-4309,-742,11533,
-12,-8,54,-2945,215,11281,
-11,-10,56,-257,-29,9167,
-13,-19,60,244,-1128,6742,
-15,-23,58,-2210,-2032,2597,
-15,-23,58,-2210,-2032,2597,
-13,-23,59,-72,-1707,-4017,
-11,-18,58,1134,-1477,-10343,
-11,-18,58,1134,-1477,-10343,
-11,-14,53,3933,-1588,-14088,
-4,-12,60,1298,1421,-16428,
-4,-12,60,1298,1421,-16428,
-5,-13,59,3636,-1360,-17314,
-9,-7,52,3695,-462,-21133,
-6,-3,60,4134,759,-21450,
-8,-3,57,5427,-107,-22204,
-7,11,61,1535,1241,-17752,
-7,11,61,1535,1241,-17752,
-9,8,61,2386,50,-15474,
-7,6,61,2180,-69,-12720,
-7,6,61,2180,-69,-12720,
-10,7,55,1495,-430,-11656,
-8,6,51,3135,1157,-9067,
-8,6,51,3135,1157,-9067,
-7,10,62,1221,3435,-8120,
-5,2,61,3254,-1445,-6537,
-7,0,60,2150,-1264,-8953,
-8,15,57,287,-2196,-6625,
-10,28,54,-1711,-1227,-3616,
-8,26,58,-1022,-2517,4593,
-8,26,58,-1022,-2517,4593,
-7,16,50,-319,-1831,7566,
-3,1,59,-455,227,9416,
-1,10,59,-1108,-537,9014,
-1,10,61,-607,-413,10456,
-2,8,60,-2711,1006,11869,
-2,11,61,-3104,1034,12643,
-6,7,56,-190,-139,16431,
-7,7,56,-1845,817,18119,
-6,1,57,748,801,14251,
-6,1,57,748,801,14251,
-5,8,61,-1638,1150,16074,
-6,-3,54,430,-1674,16696,
-5,-1,53,-2415,-651,17002,
-5,-3,53,-3417,1684,17828,
-5,-3,53,-3417,1684,17828,
-5,-5,57,-2863,2325,16898,
-6,-9,60,-1874,1435,14595,
-8,-10,60,-4048,2243,11042,
-7,-7,60,-3323,2471,7262,
-7,-9,60,-2151,1060,5373,
-7,-18,66,-591,-469,2693,
-7,-16,62,-360,-2689,-2917,
-7,-16,62,-360,-2689,-2917,
-5,-11,62,-599,-2598,-7278,
-8,-15,57,771,-1428,-13641,
-7,-12,55,-1383,109,-17393,
-5,-9,55,-904,451,-18595,
-4,-12,56,414,69,-19059,
-3,-9,53,2221,-1123,-21001,
-3,-9,53,2221,-1123,-21001,
-3,-7,51,1500,21,-20539,
0,2,56,1158,2552,-17168,
0,2,56,1158,2552,-17168,
-3,2,56,3416,2040,-16624,
-7,7,59,1997,2558,-14650,
-2,4,67,1900,1954,-12532,
-9,4,62,2671,184,-11797,
-5,5,62,589,759,-11094,
1,3,60,3995,-1207,-9383,
1,3,60,3995,-1207,-9383,
-2,0,59,4905,-3425,-9564,
-6,5,56,273,-1869,-9126,
-6,5,56,273,-1869,-9126,
-1,13,60,-1076,-1256,-8941,
-2,21,56,-1683,240,-5655,
-3,30,57,-2752,435,-1601,
0,19,61,1654,-789,5574,
-1,14,58,-326,-83,8208,
-1,0,62,153,-434,12913,
0,12,58,155,-100,11141,
0,17,58,-1231,-602,13842,
-1,8,54,1862,592,16277,
-1,8,54,1862,592,16277,
-3,6,53,-1922,2166,16894,
-5,0,59,-456,3570,19799,
-5,0,59,-456,3570,19799,
-9,-5,59,-74,3140,17816,
-3,-11,63,881,258,12008,
-3,-11,63,881,258,12008,
-4,-2,58,-5255,986,11255,
-3,-1,55,-3450,960,9150,
-7,-2,57,-2561,1136,11214,
-7,-5,56,-2498,888,10068,
-8,-5,58,-3188,948,10489,
-7,-4,58,-3234,806,9619,
-6,-5,58,-3252,725,9307,
-8,-5,57,-2544,-79,9846,
-8,-8,57,-1518,-119,9329,
-9,-13,59,-332,273,7173,
-8,-17,61,1257,216,5305,
-9,-23,64,2337,-595,1939,
-13,-21,59,1192,-1900,-5087,
-10,-11,60,1235,-1380,-15540,
-13,-14,55,2228,-2142,-16970,
-7,-1,61,-1603,3806,-21470,
-4,1,64,-608,2609,-20291,
-10,-4,54,5612,-2622,-19705,
-11,-1,57,2584,-958,-18770,
-7,7,61,1960,-32,-16171,
-7,1,57,5082,-1605,-14570,
-5,5,55,3622,-951,-14476,
-7,6,53,4214,429,-11006,
-4,10,61,1473,1686,-11569,
-7,9,54,2442,-1455,-9546,
-6,11,56,254,253,-8635,
-5,6,57,1043,-464,-7393,
-7,8,57,731,672,-8617,
-5,12,62,-340,-342,-6972,
-7,16,60,-867,-1084,-6469,
-6,28,59,-2672,-1817,3161,
-6,22,55,-1342,-2677,4927,
-2,6,68,-4861,138,10764,
-2,6,68,-4861,138,10764,
-2,7,60,-2686,-1608,10972,
-1,9,63,-4564,-2926,11778,
-3,1,59,-3790,-2637,15360,
-3,1,59,-3790,-2637,15360,
-6,-2,53,713,-2930,12650,
-4,-5,56,-2250,-237,14796,
-4,-11,54,-260,776,11928,
-3,-2,58,-2758,1913,12319,
-4,-6,56,-930,2222,12516,
-6,0,59,-1455,1332,15769,
-6,0,59,-1455,1332,15769,
-10,-4,54,661,1108,16943,
-7,-8,69,229,-111,22319,
-12,-6,60,1834,-2838,18401,
-13,-10,59,-231,-748,16822,
-11,-8,58,-1277,360,13564,
-10,-10,61,-1263,801,12703,
-9,-20,69,-94,-1487,6871,
-13,-26,65,-272,-4552,531,
-15,-25,51,-92,-3149,-13340,
-15,-25,51,-92,-3149,-13340,
-8,-15,55,450,-351,-19484,
-6,-9,57,1045,-524,-22243,
-6,-9,57,1045,-524,-22243,
-6,-1,55,1040,-15,-23471,
-4,-2,59,-1042,485,-23317,
-4,-2,59,-1042,485,-23317,
-2,6,57,-262,-153,-22257,
-3,10,58,96,786,-17160,
-2,8,60,1778,488,-14513,
0,-2,60,2237,-1410,-12461,
0,-2,60,2237,-1410,-12461,
-3,0,54,2039,-1297,-13882,
-4,2,55,18,-276,-13142,
-5,8,58,1747,-762,-10047,
-5,8,58,1747,-762,-10047,
-6,6,57,866,-368,-9216,
0,0,56,-434,-777,-8937,
0,0,56,-434,-777,-8937,
-4,9,53,-927,-379,-9741,
-3,26,62,-1283,21,-678,
-3,26,62,-1283,21,-678,
-3,24,61,-872,-1396,2184,
0,6,54,-1515,-469,7320,
0,2,56,-2304,243,8074,
0,8,59,-2099,-565,10158,
0,8,59,-2099,-565,10158,
0,4,57,-110,-71,11660,
-2,3,58,-1511,472,15057,
-1,-2,57,-353,1057,13908,
-5,-13,60,-4753,2921,15554,
-5,-5,58,-5675,3221,10369,
-5,2,61,-6678,2592,14775,
-8,-10,55,-2963,556,16489,
-10,-11,56,-2664,1098,15338,
-9,-11,61,-2032,1441,15191,
-12,-10,63,-327,-335,15062,
-16,-17,55,577,-1884,14158,
-19,-19,53,525,-279,10699,
-9,-9,61,399,6291,2456,
-9,-9,61,399,6291,2456,
-6,-14,69,-655,4898,3472,
-18,-21,55,-2124,-2487,-126,
-17,-22,55,-1866,-2264,-1673,
-16,-21,56,559,-3805,-11025,
-15,-17,54,363,-2919,-13037,
-11,-12,56,708,-1912,-14882,
-11,-11,53,1896,154,-15285,
-11,-11,53,1896,154,-15285,
-10,-14,56,1596,1485,-16534,
-7,-9,60,2836,-17,-18413,
-9,-5,54,3572,-761,-18027,
-3,0,63,2305,-237,-13852,
-3,0,63,2305,-237,-13852,
-8,-1,54,4570,-2452,-14470,
-3,6,57,3991,-403,-11631,
-3,6,57,3991,-403,-11631,
-3,3,58,4952,-863,-11218,
-3,5,56,4151,1888,-11887,
-3,5,56,4151,1888,-11887,
-2,3,59,2394,1751,-8741,
-7,6,58,-9,1003,-8905,
-5,16,60,-4788,340,-9500,
-5,16,60,-4788,340,-9500,
-9,23,57,-4624,-1095,-7583,
-5,21,70,-5242,-2365,-519,
-4,17,56,-1453,-3482,4269,
-3,6,57,-1317,-2593,8213,
-3,6,57,-1317,-2593,8213,
0,0,64,162,-1963,9651,
-1,6,58,-2653,-2170,12545,
-2,-3,55,1041,-1452,12692,
0,0,60,-3461,121,16788,
0,0,60,-3461,121,16788,
-4,-5,52,-815,-128,15744,
-10,-7,42,-2011,1724,19493,
-10,-7,42,-2011,1724,19493,
-10,-11,60,-1118,4845,21177,
-14,-11,64,2789,2310,17868,
-15,-11,63,2156,1618,17737,
-16,-8,62,-2336,615,16510,
-16,-8,62,-2336,615,16510,
-17,-9,61,-2753,200,16377,
-15,-16,66,1217,2940,11593,
-15,-16,66,1217,2940,11593,
-17,-19,63,-2176,-1973,240,
-16,-18,61,-1996,-3406,-2106,
-16,-20,56,1002,-2247,-19299,
-16,-20,56,1002,-2247,-19299,
-14,-8,55,-1026,675,-22524,
-7,-6,57,3681,-81,-24070,
-11,-4,53,11,-1179,-21766,
-7,4,60,-3259,1305,-20385,
-9,2,60,145,-1096,-17238,
-3,0,62,610,-406,-14152,
-4,-1,57,1761,-2197,-12529,
1,0,61,-466,771,-9860,
-2,-4,54,3938,-1452,-9292,
0,-7,63,2343,1229,-7865,
0,-7,63,2343,1229,-7865,
-9,-5,60,2446,775,-7882,
-2,3,60,171,-296,-8283,
-2,3,60,171,-296,-8283,
-3,6,60,-1303,-405,-7932,
-2,19,59,-2526,-301,-4795,
-2,19,59,-2526,-301,-4795,
0,22,61,-2576,-647,-1470,
-1,5,57,757,-1978,6395,
-1,5,57,757,-1978,6395,
0,2,55,-157,-1270,6539,
0,9,59,-2341,-695,8971,
0,-2,58,1514,-1186,11235,
0,-2,58,1514,-1186,11235,
0,0,55,902,104,11214,
-2,4,60,2078,849,15645,
-7,-11,53,3193,498,13125,
-3,3,61,-525,3393,16981,
-11,-5,57,2162,2112,19584,
-13,0,53,-1656,3959,20106,
-13,0,53,-1656,3959,20106,
-9,0,61,-3749,5054,23366,
-9,-3,63,-1277,3343,21575,
-12,-3,63,3178,609,17323,
-15,-6,56,1174,530,16068,
-14,-5,60,207,6178,11029,
-14,-5,60,207,6178,11029,
-14,-7,66,-3713,2950,10911,
-17,-6,60,-4451,1484,9872,
-18,-11,61,-2939,284,7067,
-18,-11,61,-2939,284,7067,
-20,-19,55,-287,-5177,-6471,
-20,-19,55,-287,-5177,-6471,
-20,-19,55,-287,-5177,-6471,
-14,-9,56,1985,-4567,-17708,
-12,-8,50,1532,-2215,-21585,
-12,-8,50,1532,-2215,-21585,
-8,-4,59,2952,-2071,-23286,
-8,-4,59,2952,-2071,-23286,
-4,2,61,1676,-1607,-20452,
-6,8,57,588,-1213,-19531,
-6,8,57,588,-1213,-19531,
-5,2,55,2175,-1821,-15625,
-4,4,58,429,-711,-15041,
-4,11,59,-1338,-189,-11401,
-5,6,61,-504,-903,-9767,
-7,3,63,-1605,-1045,-8779,
0,2,57,79,-2260,-9601,
-3,7,55,-818,-1640,-8818,
-1,23,58,-1545,160,-2220,
-1,23,58,-1545,160,-2220,
-1,25,59,-1830,376,-382,
0,10,57,-349,299,5733,
0,10,57,-349,299,5733,
-1,10,57,-710,538,6803,
-1,0,64,2360,1398,12321,
-1,0,64,2360,1398,12321,
0,0,63,2529,-215,9356,
0,13,58,-2064,550,12190,
0,13,58,-2064,550,12190,
-3,3,55,1232,77,12238,
-3,5,55,-1167,1198,14943,
-3,5,55,-1167,1198,14943,
-10,-3,54,1129,2745,14677,
-4,-6,65,-1509,3903,14749,
-5,-1,57,-3340,807,11314,
-5,-1,57,-3340,807,11314,
-7,-2,55,-3945,1153,12788,
-10,-4,54,-2812,1751,11451,
-10,-5,55,-3918,2238,12302,
-14,-1,56,-616,2456,11716,
-14,-1,56,-616,2456,11716,
-14,-4,58,-57,2596,11712,
-12,-4,63,-1754,3944,8406,
-12,-5,63,-2893,2866,8585,
-15,-1,58,-2281,-51,8416,
-16,-3,56,-1487,-297,9169,
-16,-18,65,-101,-347,5358,
-16,-18,65,-101,-347,5358,
-15,-21,68,-983,-1504,2514,
-15,-17,63,-1813,-3931,-2523,
-16,-14,54,896,-3726,-9304,
-13,-19,60,1258,-3184,-13814,
-14,-13,50,1669,-2681,-19528,
-14,-13,50,1669,-2681,-19528,
-9,-7,57,885,-162,-22096,
-10,0,51,1886,277,-21579,
-10,0,51,1886,277,-21579,
-8,2,60,1375,1157,-19645,
-8,2,60,1375,1157,-19645,
-5,4,59,3142,-2519,-14098,
-4,-3,58,2989,-1365,-12071,
-7,3,54,497,-909,-11273,
-2,6,66,-2052,2109,-9150,
0,3,65,-1020,808,-8449,
-10,3,55,871,-1296,-7777,
0,2,63,1378,-1357,-7334,
-5,-4,57,1875,-3140,-7558,
-1,10,60,-3253,-1130,-5352,
-1,13,58,-1116,-1391,-4624,
0,21,63,-900,-905,1960,
-1,11,58,1366,-1674,4945,
2,9,61,-3310,-120,7866,
-1,6,56,-852,-661,10450,
1,1,62,1087,-103,11085,
-2,0,56,-917,-7,11613,
-1,0,58,1837,1189,11930,
-1,0,60,-1707,1962,13485,
-5,-6,58,-1579,1413,13303,
-4,5,57,-2763,1564,15796,
-5,2,57,-2726,1789,17604,
-8,-1,57,-1019,1847,19452,
-10,-1,57,-968,1474,20912,
-12,-7,58,1040,223,16206,
-9,-10,61,-1926,1056,15371,
-10,-7,57,-2794,988,12490,
-10,-7,57,-2794,988,12490,
-10,-12,61,-1879,-37,11571,
-12,-22,66,-315,-2065,5592,
-16,-27,58,-269,-3454,-854,
-16,-19,54,1151,-572,-13041,
-16,-19,54,1151,-572,-13041,
-10,-10,62,514,1138,-16876,
-8,-9,61,388,-845,-18587,
-3,-4,60,3582,-1920,-20091,
-10,-5,53,4908,-3110,-20650,
-2,4,59,-1410,380,-18826,
-2,4,59,-1410,380,-18826,
-6,3,56,-636,-444,-16957,
-5,2,58,1089,-491,-12682,
-5,2,58,1089,-491,-12682,
0,1,56,2775,-134,-10482,
0,-2,51,4438,-124,-10020,
-8,9,67,-670,1912,-11078,
-8,9,67,-670,1912,-11078,
-10,10,69,-1398,254,-9987,
-5,17,60,-5023,-2991,-9028,
-5,19,54,-5061,-2613,-6938,
-1,22,54,-4403,-17,-2228,
0,18,61,-3562,-97,5988,
0,18,61,-3562,-97,5988,
-5,10,55,-1492,-396,9735,
-6,4,62,-2549,-129,11146,
-9,2,57,1475,-826,12903,
-8,-6,64,2318,-1963,18175,
-8,-6,64,2318,-1963,18175,
-10,-10,52,3020,-2359,14597,
-5,-10,62,-6112,1078,15278,
-3,-4,56,-878,-3,11399,
-6,-4,56,-343,-191,14827,
-6,-4,56,-343,-191,14827,
-6,-9,57,734,902,14074,
-6,-7,55,-1251,1255,14065,
-4,-1,56,-4984,2553,16058,
-9,1,54,-5422,2553,18133,
-14,-2,57,-3444,2916,22089,
-13,-5,67,-1352,2141,21610,
-19,-14,66,650,-1324,21476,
-24,-25,63,785,-1658,16254,
-21,-28,66,235,-1509,11722,
-17,-32,68,-1442,-4240,3699,
-12,-17,48,-1944,-4269,-8316,
-12,-17,48,-1944,-4269,-8316,
-6,-5,50,-3191,-149,-10710,
0,1,60,-3291,1332,-8430,
2,5,61,-2606,655,-5401,
-2,-7,57,274,-2568,190,
-4,-16,58,-27,-1552,-93,
-9,-24,57,-1084,-533,-4238,
-11,-13,58,-6827,4103,-10277,
0,-12,68,-3191,830,-9787,
0,-12,68,-3191,830,-9787,
-3,-26,59,-1268,-2479,-11653,

